0.6056407861503651,0.2694566377604405
0.5117864594782339,0.5580244870190837
0.5421155919675571,0.44806349515273286
0.5081615473733305,0.5671195629288975
0.5081152257662461,0.5672294999577446
0.522776102676193,0.5240340163203714
0.5161487641843739,0.5457083687807006
0.5988895295762418,0.2819173775152932
0.5137996753828995,0.5525329235985368
0.5191995002940685,0.5361666007920745
0.5091068121479793,0.564842380219231
0.5119093788184679,0.5576984562776323
0.5710443514736003,0.34706078780682126
0.50750480071301,0.5686640606173082
0.5372354299296617,0.4678322602486543
0.5123820602776211,0.5564335908316307
0.517833207493194,0.5405344110760857
0.5485897850273697,0.42257310360287936
0.5092184393361875,0.5645691692489786
0.5075787348630125,0.5684917025277585
0.5218852947291622,0.5271469368713718
0.5537592690452208,0.4032386940688047
0.5069835564798348,0.5698684355650085
0.5073999295183413,0.5689078862782265
0.5230877969323198,0.5229312178752287
