0.7577094603807976,0.12985582894785333
0.5610977295733324,0.5844084934330389
0.47701824476544386,0.5751769039294327
0.5576667376757997,0.5865289202724008
0.5576017326339616,0.5865596067847823
0.5506696685094642,0.5812055634967132
0.5606808908330086,0.5825821067334389
0.5916622384586296,0.13049914663161263
0.5615343718553681,0.583468510045561
0.5574105450451462,0.5817556166406364
0.5588793515045581,0.5859225653206722
0.5611550602895726,0.5843462684871824
0.20803615798587552,0.13712535923213368
0.5566971708309789,0.5869724985687766
0.5007016354501269,0.5796731724180196
0.5613385477119394,0.5841128596549002
0.5591712473989633,0.5820819221839092
0.4252556253115139,0.5418903114895534
0.5590080579139234,0.5858534558756325
0.5568114427902277,0.5869216473710954
0.5526222052579185,0.5813049973517396
0.23771462188357767,0.2648069048770338
0.5558551474224644,0.5873376001201708
0.5565328726958204,0.5870450263904896
0.549946194096095,0.5811759739887422
