0.7602757298754352,0.13114934246728546
0.5556595463353378,0.5869694143844834
0.48303896967911003,0.5520157424535196
0.5533959520576684,0.5889993972291919
0.5533512000673678,0.5890254306537868
0.5467251611945105,0.5803897467346318
0.5549662411254925,0.5844893315688204
0.6112212444763258,0.13157394693040358
0.5558147365786709,0.5858353925867494
0.5522140657491816,0.5826757023904122
0.5542240799645292,0.5884691507518006
0.5556920896796957,0.5869004850813387
0.24118368153107958,0.1391311768897886
0.5527256674636807,0.5893690549321065
0.5048456312086949,0.5649778606590883
0.5557894577671345,0.5866351263412318
0.5536742753648346,0.5834995612439886
0.42950695786172355,0.4995975073570126
0.5543110436040463,0.5884066345533434
0.5528049501068338,0.5893273758708533
0.548308905162936,0.580980587579697
0.265461306380064,0.2899196277207746
0.5521395459329508,0.5896634320209889
0.552611559613655,0.5894282050032549
0.5461386304052768,0.5801789257697864
