0.6811405743512239,0.1638286543441409
0.5103320332895521,0.5742971044696392
0.5149191145548644,0.4634075463881466
0.5081682705951426,0.5808421729051604
0.5081379481886514,0.5809199784537491
0.51422674983174,0.5474805393303335
0.5123623473680594,0.5650522626265653
0.6644328744728512,0.18425972914621697
0.5113488013258322,0.5702331086650891
0.5133991685154743,0.5575414511261783
0.508772606009123,0.5792237990875234
0.5103979776682184,0.574058297537728
0.5658856791357773,0.28344994946884766
0.5077322630772948,0.5819325747548123
0.514747353544776,0.4899842299890805
0.510646911569164,0.5731289284537042
0.5129736089901163,0.5610203162298383
0.51661514235445,0.42228988664888767
0.5088421392250645,0.579028751176474
0.5077819996597128,0.5818111754021399
0.5140579617770653,0.5501210969744325
0.5205116900279034,0.3860984233239217
0.5073769634988524,0.5827789155997641
0.5076614325744109,0.5821041914997062
0.5142802424629942,0.5465346833802068
