0.5465107191930143,0.47134186388649213
0.5220739438066112,0.5126931974191954
0.5379463637289044,0.4865547405702967
0.519474790009436,0.5167195628885248
0.5194414287268231,0.5167707899277209
0.5294019215798038,0.5009596197533056
0.5251237777487815,0.507878832724349
0.5459852812807368,0.4722969424172401
0.5234968198574573,0.5104592493839912
0.5271605554604414,0.5046089646583758
0.5201551645635277,0.5156723361611005
0.5221613934959408,0.5125565097307825
0.5433405717207175,0.4770615692158676
0.5190017132712834,0.517444917149964
0.5363440320445894,0.48931551380530797
0.522497053963259,0.5120311167799806
0.5262607003132695,0.5060590314177257
0.5396453925519291,0.48359761241213056
0.5202354384848794,0.5155484649022072
0.5190549758852159,0.5173633657097158
0.5288605946058611,0.5018459093676927
0.5407370578030061,0.48168152439781636
0.5186262196320235,0.5180190199626676
0.5189261631540159,0.5175605436488792
0.5295884888492716,0.500653435777652
