0.56899803067683,0.3769448638596522
0.5167596783978283,0.5366167427537912
0.5436586965987481,0.45830741491851595
0.5131686941855932,0.5451242778986433
0.5131231491244143,0.5452288436267824
0.5276628049541429,0.5076356598334617
0.5211203395457195,0.5255839206980418
0.5669693358642728,0.3831721379593554
0.5187702492190726,0.5316252105139132
0.5241591495222766,0.5174483140474236
0.5141002281018614,0.5429673469016979
0.5168822051494354,0.5363172459598501
0.5578754345219303,0.411974100681018
0.5125239121605555,0.5465969019605686
0.5402100518855516,0.46940050805666583
0.5173537082608026,0.535159046674713
0.5228017028326744,0.5211269071894273
0.5476467898369691,0.4453277764029443
0.514210489396437,0.5427097325675955
0.5125963950511563,0.546432184557108
0.526798850776076,0.5100966028051064
0.5504227606611294,0.43624957434664896
0.5120136763818619,0.5477505059789484
0.512421145913927,0.5468300800467568
0.5279634491133423,0.5067731667823893
