0.7490889073434702,0.13195766407122253
0.5410210578536524,0.5839398985459443
0.4815413935866496,0.5036900163761365
0.5400505464261015,0.5868281698064561
0.5400286514101794,0.5868609810351318
0.5340689094173011,0.5700373054486767
0.5401064323695227,0.5794799507013197
0.660611463131036,0.14413474851490818
0.5408928427211419,0.5820294382833543
0.5380311842010638,0.5755838703761074
0.5404464477430909,0.5861372692665067
0.5410273050113463,0.5838299780838271
0.33778627146857276,0.1793583390680312
0.5397187329787246,0.5872845512922178
0.5011510931362436,0.53025190865981
0.5410344439362778,0.583399347901689
0.5391091589766056,0.577416107766531
0.4364609420930529,0.4377327702505152
0.5404867168773592,0.5860529310762339
0.539758371997083,0.5872341099746959
0.5352092738650841,0.5715274908810186
0.36154151716197824,0.33432866583066023
0.5394230482828586,0.5876335997173484
0.5396615218811431,0.5873556985823105
0.5336460497014115,0.5694976538979728
