0.5495319561296172,0.45709772504799995
0.5212193937371495,0.5168826619737981
0.5391181931740574,0.4805390180165106
0.5183943782489608,0.5221163591974576
0.5183582377337127,0.5221824197884818
0.5293149180898129,0.5011164296906094
0.5245619164026162,0.5105110376401107
0.5488719728809166,0.45862512501026803
0.5227746998618256,0.5139420974744332
0.5268143234953011,0.5061077477437463
0.5191320566923464,0.5207630458877911
0.5213147898738164,0.5167035117447185
0.5455946555702293,0.4661312809624454
0.5178821483041538,0.523050555068172
0.5372416856257682,0.4845978932330228
0.5216811795540318,0.5160139745365022
0.5258170149789679,0.5080682849573472
0.541130388750893,0.47612714762121805
0.5192191720367031,0.5206026072468227
0.517939791762314,0.5229456514508457
0.5287087113588982,0.5023363311939859
0.5424362452465844,0.4732321135011015
0.5174759615808687,0.5237881433017126
0.5178003958746016,0.5231992359101602
0.5295241975739036,0.500693824296186
