0.7431333851779274,0.1295179947662171
0.6402320715422014,0.5734680338438148
0.08611549792563027,0.48245234272922655
0.6300145089297444,0.5758439138901589
0.6298267655051879,0.5758702486425549
0.6172588058075463,0.573831403470102
0.6406821764624054,0.571876165914448
0.5491469040484748,0.1324041304938078
0.6420473461280153,0.5723735049918504
0.6333857526671833,0.5724549096067792
0.6335335758223654,0.5752704619007772
0.6404221356907903,0.5733891033353873
0.08055142569136294,0.17217931269737607
0.627220184125086,0.5762004971553616
0.3595337996260335,0.6279261558686637
0.6410569818322979,0.5730969602860293
0.6374148391480234,0.5720669503699569
0.10845580108025299,0.8965079579700198
0.6339096666192208,0.5751986763476027
0.6275489648865766,0.5761621773764214
0.6220035971400293,0.5734709728370166
0.3178963626371054,0.12437799731728645
0.6248005084579424,0.5764575963025469
0.6267476679705736,0.576254055645625
0.6154879320286567,0.5739597622496725
