0.7476446035509254,0.1282508315793447
0.6363682784738266,0.5668342451504157
0.15377220731606922,0.5781013368909845
0.6209590865950654,0.5684440285213243
0.6206754536287229,0.5684643482656646
0.6015076897302781,0.567459836708148
0.6370579488468395,0.5660553934684011
0.5601514418487897,0.13154385102456775
0.6391081919398,0.5662333309286524
0.6260342481409454,0.5665724203813424
0.6262713395473104,0.5680154335742854
0.6366547843772756,0.5667877430665617
0.08126626071316868,0.16728624505214545
0.6167351175530121,0.5687232505687392
0.3467439567573872,0.5656532009401785
0.6376120321508454,0.5666194290282447
0.6321287473117138,0.5662636266889886
0.10990594294166085,0.9080867351903362
0.6268386373854711,0.5679636924158042
0.6172323835062604,0.5686928680679555
0.6087399942172574,0.5672692076132202
0.32427526922785904,0.12665411820143013
0.6130732829009164,0.5689284289046674
0.6160203319469686,0.5687658306646083
0.598807239099548,0.567516826706613
