0.7464253233393771,0.12843053847653207
0.6423823732881376,0.5708251924817063
0.09777531417196507,0.548341974406215
0.6284248168293142,0.5719860172035952
0.6281676868817379,0.5719963987437535
0.6107055840161185,0.5700980988313142
0.6429750055639829,0.5699370288290603
0.5564206231061569,0.13179020398619976
0.6448518829702977,0.5702402063528152
0.6329601656488043,0.5700648716917607
0.6332398567283496,0.5717362686644817
0.6426413343313044,0.5707836151044846
0.08071146461637357,0.1682967636980229
0.6245951737849008,0.5721142503139871
0.3481573609012003,0.5606817206540974
0.6435060001643075,0.5706290573308166
0.638494130046896,0.5699658830986742
0.11124237510547326,0.9115824456345476
0.6337539423642321,0.5717026311053335
0.625046056685029,0.5721019387937957
0.617267872820048,0.5701599259283724
0.32087932835419114,0.12526522264039452
0.6212745936575442,0.5721845260381413
0.6239470431982884,0.5721307388475307
0.6082545745834658,0.5700614209636418
