0.5439977588557068,0.48666439945291656
0.5228119732552322,0.5079116724599307
0.536901287181262,0.4939039005785625
0.5204132942369025,0.5102522080678542
0.520382377157093,0.5102822973187113
0.5294497915513074,0.501369647433421
0.5255987627358462,0.5051770032915173
0.5435739644743485,0.4871004553174104
0.5241160978886884,0.5066340359631384
0.5274411949611862,0.5033596476294397
0.5210431326679212,0.5096388030554667
0.5228923162324387,0.5078330667748765
0.5414174478556655,0.48931193745742996
0.5199745886607648,0.5106789825715332
0.5355305808304208,0.4952873707047358
0.5232004692139015,0.5075314492409707
0.5266291472758988,0.5041615777993725
0.5383403685885452,0.4924463400472078
0.5211173562078456,0.5095664618201499
0.5200240123008284,0.5106309228588882
0.528966571714021,0.5018492376556373
0.5392570433234473,0.49151514693268095
0.5196259411611415,0.5110178662569234
0.5199044706588529,0.5107471569452448
0.5296160465299644,0.5012045165174259
