0.7482832787898299,0.12821891083661235
0.6318261303197664,0.5628701171173927
0.20211345250308949,0.605370661401602
0.6163872688747327,0.5651855185911688
0.616103657689034,0.5652200955351919
0.5970724013206472,0.5652471739591926
0.6325489157553369,0.5621073387779175
0.5626499898655232,0.1313516455627603
0.6345869000152047,0.5621758107686048
0.6215335849128582,0.5631305067825583
0.6217022912372483,0.5644965681574543
0.6321140768761228,0.5628125145554209
0.08214461478232245,0.16706480035977306
0.6121652733966547,0.5656802298666204
0.36332848898964254,0.5773439855859562
0.6330767477848297,0.5626083406395707
0.6276231374941426,0.5625395502945189
0.10942152433921704,0.8999822485817518
0.6222702653935954,0.564417860720507
0.6126621270374532,0.565624146240958
0.604276768353494,0.5646808765377028
0.3279053225736782,0.1285683768286364
0.6085079044733075,0.5660770687654425
0.6114511625876773,0.5657598966918383
0.5943845626440953,0.5654465252747377
