0.7488935646873762,0.12866340041281757
0.6237983820894878,0.5587708106394985
0.2647051551732298,0.6590133443771029
0.60926381453896,0.562752882039598
0.6089975948730244,0.5628205641965436
0.5913873638245084,0.5650870759311696
0.6245361905054324,0.5579563959739969
0.5659118525827906,0.13116213855074255
0.6264226337928054,0.5578187159826811
0.6142304792596167,0.5601075155170454
0.6142570162482509,0.561458409069222
0.6240708096204837,0.5586852519133176
0.08497853819635234,0.1653551477780327
0.6053027565715465,0.5637480911772578
0.391381519123259,0.6104763118817789
0.6249826156721345,0.5583888887016636
0.6199282580469179,0.5588802162556616
0.11910525318217983,0.8680050744827557
0.6147911057337921,0.5613167603668464
0.6057686836275779,0.5636322770022543
0.5981071460036497,0.5636316691846415
0.33620306548536044,0.133641103415732
0.601874716349846,0.5645910193526452
0.6046331931028041,0.5639139798468262
0.5888821944569974,0.5656266180669504
