0.748735495001234,0.12844962724941072
0.6271196130836802,0.5589973205344636
0.24658041719285614,0.6403838173807265
0.6122295175098303,0.5623586576413753
0.6119565608322631,0.5624140922960744
0.5938111947065217,0.5638745908805799
0.6278550108306646,0.55821101354129
0.5649568734237491,0.13120171410065848
0.6297996489421265,0.5581450793624997
0.6172726994974775,0.5599494321190417
0.6173479694164511,0.5612884780582635
0.6273982770192276,0.5589223649626515
0.08375370133777382,0.16616692322153342
0.6081676963824627,0.5631687949266081
0.383573396214945,0.5972164556887037
0.6283306079695719,0.5586611424111834
0.6231229102888121,0.5589555204453723
0.11354843821296359,0.8841730592146723
0.6178953152541691,0.5611701857864443
0.6086455312104978,0.56307505980377
0.6007141980143402,0.5627473501503479
0.3330636024248032,0.13161148300442777
0.6046516380291662,0.5638468577253439
0.6074809967205554,0.5633028145083987
0.5912374227491176,0.5642883872358342
