0.75560474870923,0.12936474904682937
0.5645639178968501,0.5816482242701619
0.46725027449125117,0.5901020575864336
0.5601096965143932,0.5840402675480818
0.5600267215906652,0.5840773873580307
0.5525754688111768,0.5806179278301759
0.5643422936269844,0.5801314291002589
0.5824991019546129,0.13066277029534998
0.5652323741843215,0.5807622609215501
0.5605476691583011,0.5799529657224689
0.5616625569527175,0.5833186637683766
0.5646423802811812,0.5815850132591484
0.1912737701437364,0.1371713655272815
0.5588741964987798,0.5845818364890127
0.4939097057365642,0.588849687318954
0.5648986917887451,0.5813529658850013
0.5626075158502029,0.5799446354048767
0.4144920172061833,0.571727269850376
0.5618280829787088,0.5832379781214148
0.5590195993891328,0.5845192279876118
0.5548907163229854,0.5803693059830766
0.230830122252495,0.24893645983135956
0.5578042042604401,0.5850350098651371
0.5586652255561726,0.5846713554864941
0.5517170948294449,0.580717144168798
