0.5432379106172809,0.4915122005674438
0.523031718577803,0.5063471661297533
0.5365904726290289,0.4964124927469007
0.5206796466971537,0.5080636299462667
0.520649254148651,0.5080857977941534
0.5294765296149926,0.5016340865491321
0.5257492460604839,0.5043616856039126
0.54284454522064,0.4918027983546887
0.5243054951715708,0.5054168390632358
0.5275366243965222,0.5030543501415021
0.5212983818788316,0.5076122708122606
0.5231102953459902,0.5062897920392383
0.5408356990606862,0.493285578227783
0.5202482058033943,0.5083782891266982
0.5352919205684428,0.49736726948924687
0.5234115487860894,0.5060698077172605
0.5267497676037561,0.5036300232591087
0.5379487887429232,0.4954129381152726
0.5213712442757877,0.5075591106464937
0.5202968301492088,0.5083428292375337
0.5290106740838605,0.5019752867582025
0.5388113150980434,0.4947777698134164
0.5199050594509556,0.5086285119583843
0.5201792134647343,0.5084286013623305
0.5296366862773123,0.5015167654129696
