0.7566373660167479,0.12956204419474682
0.5627987691276819,0.5831091005425778
0.47279455053498104,0.5826483272625983
0.5588837586631807,0.5853447450379915
0.5588102782149768,0.5853783200591296
0.5516596371495456,0.580996812097495
0.5624794643983019,0.5814490906172146
0.5867522049032855,0.1305528823370827
0.5633467226099338,0.5822032349813202
0.5589686957508113,0.5809466229308835
0.5602569507836395,0.5846871039355789
0.5628661625013562,0.5830469046759118
0.19921012984187847,0.13705916897066342
0.557788810818253,0.5858325134290028
0.49774447279472434,0.5842837491935896
0.5630843957024421,0.5828160771504654
0.5608670511040119,0.5811063799694025
0.42093182708800775,0.5566887645325209
0.5604030478257042,0.5846129097869788
0.5579177555621324,0.5857763409561035
0.5537795629886616,0.5809246694922277
0.23311743129989318,0.2567788320985929
0.5568393733263601,0.5862376032400293
0.5576034592689149,0.5859127390924499
0.5508739241118537,0.581030679002962
