0.5561905744570603,0.42852700583077336
0.519496189404782,0.5245880689693952
0.5412394261275739,0.47059275256432404
0.5162941078969454,0.531508229570321
0.5162533431655405,0.5315945112622485
0.5289275614650276,0.5025838717298523
0.5233353314656894,0.515919687679598
0.5551661220658611,0.43146541903515345
0.5212747118663739,0.5206225409694831
0.5259628280523526,0.5097565328028596
0.5171271802093907,0.5297349808547359
0.5196049230121293,0.5243481250167169
0.5502466532775215,0.4455028519123361
0.5157167443583155,0.5327260207636698
0.5387777352680937,0.4772401965342846
0.5200229517847006,0.5234226245957627
0.5247948679967386,0.5125189700882055
0.5439475794126948,0.46316248887879113
0.5172256925937041,0.5295240305452277
0.5157816747128388,0.5325895232668915
0.5282037183188796,0.5043560010106666
0.545746478456405,0.4581673721064258
0.5152595053747056,0.5336839719594575
0.5156246754687938,0.5329193716097511
0.5291782642514935,0.501966999305084
