0.6602116981455227,0.18839635834083207
0.509089888483294,0.5718294021027498
0.5254994730547686,0.45675317947545924
0.5063932788263495,0.5792887752729519
0.5063571524653488,0.5793779522493628
0.515693722428084,0.5420741569659009
0.5119858526279588,0.5614299768780538
0.6469724638493101,0.20570827442449363
0.5104739992036995,0.567238661958811
0.5137885565527317,0.5530925774531543
0.5071214228075358,0.5774365773466046
0.5091767422383111,0.5715587901348841
0.5743356131821004,0.2946993755898527
0.5058772361997261,0.5805396337502667
0.5225723837146201,0.48239954496448556
0.5095078973767792,0.5705066662049711
0.5130029538661851,0.5569422205561754
0.5308970712005923,0.4192156433133177
0.507206261410846,0.5772136960031208
0.5059357422187724,0.580400253522108
0.5152380008311799,0.544949653492982
0.5370938215329558,0.38764807653029637
0.5054618189197203,0.5815121420399616
0.5057940705238265,0.5807367191237677
0.5158505457621172,0.5410469656944056
