0.7515822537011856,0.12923549103788962
0.5774306550496748,0.5729083992047534
0.41605649586712634,0.6303849055888875
0.5692970797845129,0.576619738317422
0.5691483310874392,0.5766832566473056
0.5586820714118464,0.5772908825603849
0.5776887453359724,0.5718285050911995
0.5685316976987383,0.1312804878054929
0.578860578332598,0.571943799308486
0.5716898268933744,0.5733028933731652
0.5720903256069072,0.5754112882389709
0.5775821426616536,0.5728267824465029
0.15305143679555255,0.14174751637228064
0.5670859528144282,0.5775575781073806
0.46083330197560257,0.6129590046366772
0.5780871892855838,0.572540355025033
0.5749875940982385,0.5724173801367792
0.3380492849879014,0.654569860038549
0.572389423078041,0.5752796755725849
0.567345802022933,0.5774480015811179
0.5624810167192573,0.5760786794229931
0.2569558588103474,0.20658027674180499
0.5651761663154031,0.5783587499440334
0.5667126497541031,0.5777147402261669
0.5572709002596218,0.577747996692253
