0.7146967497305524,0.13676577558722736
0.5211345014115732,0.5763713600129732
0.49076347685608984,0.4764878190384946
0.5200424142827582,0.5809294896225813
0.5200228882006371,0.5809823932165123
0.5185525038929295,0.5559410107568561
0.5212209144866168,0.5696126123901722
0.6858479849421274,0.15595208885407613
0.521348577981729,0.5734426615565467
0.5204227752161718,0.5638890982657316
0.5204110109346025,0.5798219836025483
0.5211558717819148,0.5762012368900344
0.4950559294372419,0.2600199719015256
0.5197530213173992,0.5816679885758775
0.500738194514781,0.5045677321449861
0.5212281086823813,0.575536767770061
0.5208700533814228,0.5665638653357828
0.4736021642172831,0.4256254915200918
0.5204507356709482,0.5796876047777975
0.5197869413633435,0.5815860809176464
0.5191132776901168,0.5580564573334389
0.45744539772067866,0.3738559809681518
0.5195043508821029,0.5822368019848572
0.5197043290090385,0.5817836427364805
0.5183414267995424,0.5551782985033558
