0.544458893692622,0.4831448114592579
0.5226765377459981,0.5090348991393134
0.5370904294240516,0.4921331845784139
0.5202447628903559,0.5118034827377237
0.5202134524840971,0.5118389821435381
0.5294364116537504,0.5012160132579813
0.5255087206621935,0.5057813833099954
0.5440164342225158,0.48369154283018656
0.5240009244616646,0.5075174320121433
0.5273856914957042,0.5036075316164038
0.5208827929902824,0.5110792789305301
0.5227580810570217,0.5089416660320134
0.5417698587121932,0.48645361771986717
0.5198005516104022,0.5123067773686497
0.5356765421530688,0.4938300666822824
0.523070895473581,0.5085837669209733
0.5265579541039462,0.5045679486626462
0.5385779593657173,0.4903383761419548
0.5209580046217903,0.5109938067752453
0.5198505874421454,0.5122501237116129
0.5289426145231158,0.5017934572719768
0.5395272100053999,0.48918787656955043
0.5194476429568292,0.5127060941343281
0.5197295685679749,0.5123871325324125
0.5296063724099142,0.5010170277665491
