0.7417106206814243,0.13012363310155686
0.639876743679777,0.5724797488052713
0.08622571833389017,0.47888086386343776
0.6309521518870648,0.5757823672120526
0.6307880968743425,0.5758207298665415
0.6199011025245086,0.5737758608220118
0.6402916270913724,0.5704044823687493
0.546770928919201,0.13262762324446864
0.641467223718951,0.5710105458635415
0.6339535997890868,0.5713942900097382
0.6340265363717273,0.5749626707616674
0.6400428423227885,0.5723726968384903
0.08053790217973408,0.17272058580391014
0.6285099994733325,0.5763096317399915
0.3312149293929882,0.6811747973967022
0.6405979066110836,0.5719775684987056
0.6374560016885439,0.5707570799541394
0.10810200900176783,0.8959101257330129
0.634355032749641,0.5748616836307529
0.6287973892106468,0.57625205195124
0.6240412302794129,0.5731206850960943
0.31772493830253395,0.12467582510070259
0.6263945428152945,0.5767034254923933
0.6280969473847025,0.5763905502579268
0.6183544157426242,0.574015228284244
