0.744277999840831,0.12903375299885061
0.6419385772676653,0.5738428301412405
0.08596050207116032,0.4947484267400411
0.6306332095408546,0.575554577054685
0.6304253095997698,0.5755715274016229
0.6163935054653741,0.5734140068413265
0.642414992573047,0.5725582163570184
0.5513513068769849,0.1321927208288261
0.643939966456716,0.5729935632549127
0.6343091290207867,0.5728340598394079
0.6345291625519144,0.5751681145828289
0.6421485641334204,0.5737826946647894
0.0805443803906949,0.1714171473518483
0.6275384027677553,0.5757756615773343
0.3661880202265979,0.5928433197600116
0.6428496501097541,0.573558873324464
0.6387842508027998,0.5726297682814017
0.10909644114190106,0.899182433352439
0.6349454219561981,0.5751178957544223
0.6279025897169846,0.5757528851496747
0.6216649648958608,0.5732963765439775
0.3184097259966731,0.12441705178727845
0.6248577685816692,0.5759205935992601
0.627014978875696,0.5758070283869426
0.6144262813919037,0.5734492491807517
