0.6900091583899788,0.15433356078125057
0.5116037744769775,0.5750446196417762
0.5094038610425079,0.4666276090795899
0.5097012514693339,0.581141670506168
0.509673720637229,0.5812138881404336
0.5140972948142285,0.5496787224270272
0.5131963217477248,0.566364610756465
0.6719964388326822,0.1756319406094043
0.5124363295366753,0.5712381593529421
0.513837175957731,0.5592607011859447
0.5102457093995488,0.5796380929389982
0.5116593078523274,0.5748213666167572
0.5578256633794365,0.2796195159922057
0.5093036036771877,0.5821531760374933
0.5110090545448776,0.49350207767182097
0.5118672094103976,0.5739520207604787
0.5135986020313844,0.5625565589351071
0.5083189531146585,0.4238595462068459
0.5103077999387714,0.5794566974943178
0.5093491519722259,0.5820406231490235
0.5140806987915694,0.5522006459575461
0.5099669552109636,0.3853203087286023
0.5089769098493571,0.582937403533703
0.5092386579617191,0.5823122600200297
0.5140957905965852,0.5487741584058328
