0.7496329422006032,0.1293044877006229
0.5988790608456741,0.5662035924474687
0.34260106462866224,0.6684119996266373
0.5868642642530653,0.5710863743905967
0.5866449161210127,0.5711720413388884
0.5721427247398051,0.5742099560389248
0.5994820574775757,0.5652636771862903
0.5653969690401386,0.13146250051782116
0.6010553596204409,0.565087383616705
0.5909382862880209,0.5678687947857575
0.5909828954617145,0.5694647275684579
0.5991050176007497,0.5661022560498853
0.10462553616767246,0.1563558826194113
0.5836030101849341,0.5723546468080211
0.4216409705228114,0.6320766874933793
0.5998614185760699,0.5657525804258454
0.5956554514173545,0.5663732914201332
0.20539711520399936,0.7511191521430025
0.5914239675634252,0.5692892402689022
0.5839863583582796,0.5722061133014883
0.5776552358624941,0.5723130782968257
0.3313364703645896,0.15338433020449233
0.5807846185611103,0.5734430459478441
0.5830522371198713,0.5725678288279584
0.5700908383341978,0.5749215463618437
