0.6492286730036643,0.20251625392223688
0.5090658294188954,0.569966235073744
0.5301778742745848,0.4537264905045157
0.5061186212594716,0.5778630504319561
0.506079737434517,0.5779576733474974
0.5168930614546059,0.5388530212667247
0.5123608113322307,0.5590195973777548
0.6373654735569987,0.21830761079763436
0.5106203240340617,0.565124703101243
0.5145099703476737,0.550298847859374
0.5069054255241235,0.5758988727192104
0.5091624280083394,0.5696804426976959
0.5756502222330008,0.3026596653058473
0.5055644892965175,0.5791907485025954
0.5263277480813298,0.47862504640546366
0.5095318457794208,0.5685697674042097
0.5135622139697009,0.5543192273537102
0.536552426506089,0.4182682731068619
0.5069974954623192,0.5756626633543162
0.5056271757421139,0.5790427583699357
0.5163111627855462,0.5418311327939878
0.543056752286612,0.3891107016099282
0.5051203644118721,0.5802236615006076
0.505475440365503,0.5794000287199639
0.5170951290829539,0.5377907316570955
