0.5774302138913351,0.34588717845931977
0.5153079870067382,0.5430719118534489
0.544239033192223,0.4535193698731872
0.511613194851142,0.5520306154333449
0.5115663321709869,0.5521400800330762
0.5266243873272607,0.5115981133871769
0.5198054683167093,0.5312801821780883
0.5745120603186843,0.3543009677385801
0.5173790465236,0.5377631129570184
0.5229578658344448,0.5224411130881358
0.5125715858365354,0.5497692773110797
0.5154341167582107,0.5427545301238884
0.5619487401242608,0.393321903423899
0.5109496996501602,0.5535708809422595
0.5402747396875565,0.46713950173264274
0.5159195687110059,0.5415258097728909
0.5215471272455237,0.526453908328426
0.548973220070004,0.43716406632729243
0.5126850187456968,0.5494987576515766
0.5110242932941732,0.5533987407933071
0.5257163457702967,0.5143371315238284
0.5523722277668763,0.4254687931740646
0.510424543310273,0.5547754795041111
0.5108439372482125,0.5538145059786256
0.5269410574457951,0.5106349441831487
