0.7399025622344219,0.13085301838947488
0.6410826322674775,0.5716802643888813
0.086231143064669,0.47774870906603994
0.6338714243277601,0.5761446959610081
0.6337380404692716,0.576195282841489
0.6248303471037112,0.5735990713379681
0.6413898103234773,0.5688098525116964
0.5441650204578704,0.13285310995097988
0.642349265076384,0.5696411385038864
0.6362622573490886,0.5702382411839959
0.6363664890874637,0.5750565140594884
0.6412156321590395,0.5715324249746198
0.08053294319579707,0.17360256671629753
0.6318836215678966,0.5768375074376935
0.2603093293436487,0.7591203059915975
0.6416594206284439,0.570985509881583
0.639096945234139,0.5693270554904104
0.10772586838370042,0.8967455809289755
0.6366325260256751,0.5749214732837945
0.6321177813385143,0.5767620944396343
0.628208667107502,0.5726779648177343
0.3181243017699198,0.1255747931635625
0.6301582070665517,0.5773519239033799
0.6315469699376709,0.5769433957858616
0.6235659184275405,0.5739351371826988
