0.7585403269935601,0.13189147801180104
0.549218566969058,0.5872926030398828
0.4830971721151747,0.5279078807523927
0.5477655786134223,0.5895999464039772
0.54773488411334,0.5896270295711512
0.5412702006287827,0.5771244521524842
0.5483292772775167,0.5839211286195719
0.6365730931694404,0.13675362301589233
0.5491774877285113,0.5858273957531166
0.5459251456977192,0.581080134444336
0.5483268187399423,0.5890349326916834
0.5492338750327217,0.5872072251094573
0.2820915622515807,0.14887702964123453
0.5473030134123601,0.5899788794435774
0.5042088316333566,0.5486939207674226
0.549271327053012,0.5868741110186271
0.5471834303887075,0.5824075136216605
0.4304795425173628,0.4637884840623085
0.5483848045776111,0.588966610448325
0.5473580125805284,0.5899367553980683
0.5426096953687474,0.5781802177955322
0.3105620876832331,0.3138786635515667
0.546894484103648,0.5902721353797635
0.5472237383327448,0.5900384021277157
0.5407740450176557,0.5767430495668753
