0.5728782719671073,0.36227135109948
0.5160614219350494,0.5397194882951556
0.5440142819649118,0.4558405459817278
0.5124114726666907,0.5484745407798901
0.5123651877585771,0.5485818310641467
0.5271980922407576,0.5094363954602046
0.5205006212709762,0.5282812674973052
0.5704621443146086,0.3695330892147011
0.5181067232845682,0.5345571143275705
0.523603958268228,0.5197779763444218
0.5133581407778098,0.5462597533886837
0.516186013386982,0.539410299274782
0.5598406842616531,0.40307137168774804
0.5117562075391503,0.5499848675850328
0.5403140955838747,0.46813838885566134
0.51666551651306,0.53821395898065
0.5222163686604632,0.5236304601084358
0.5483574337736958,0.44127322995340434
0.5134701957921902,0.5459950144568879
0.5118298702081804,0.5498160038588281
0.5263098898198726,0.5120391474884659
0.5514239796673808,0.43097666257540307
0.5112376519168856,0.551167019327811
0.5116517678136686,0.5502238851521234
0.5275075077700896,0.5085227135524751
