0.6267149774358035,0.23368361077348887
0.5100353183498715,0.564826371683059
0.5376300619628824,0.4493524568407673
0.5066701328583949,0.573468199157429
0.5066266413074927,0.5735721879311331
0.5198402644050231,0.5316223998850389
0.5139888782397374,0.5529800765097315
0.617244961298502,0.24731999057046897
0.5118723222330912,0.5595667309244585
0.5167000394028904,0.5436659910121634
0.5075549412889412,0.5713118543549083
0.5101481192493683,0.564515047249087
0.5746655802875281,0.32300211972046533
0.5060523544514596,0.5749281998621051
0.5328172155338455,0.4720599654520978
0.5105811055496223,0.5633061448236896
0.5154905102055042,0.5479456446853368
0.5446016151522163,0.4186703754633532
0.5076590888197161,0.5710528294810154
0.5061220259171029,0.5747653692123642
0.5190606888734227,0.5347354988763733
0.5507217673294696,0.3944974085130421
0.5055602695271935,0.5760653335583201
0.5059534756070978,0.5751585063144733
0.5201128061225915,0.5305155433873233
