0.5517133390467923,0.4475060304393561
0.5206305929748585,0.5195690153441224
0.5398830917369848,0.47690140471780235
0.5176648002572163,0.5254625264723708
0.5176269310154608,0.525536573552483
0.5292157814167867,0.5014596087288129
0.5241572426896719,0.5123177892709047
0.5509447827614584,0.44946847672778745
0.5222688997679792,0.5162333046732767
0.5265471922277416,0.5072542232387022
0.51843813460998,0.5239437642735005
0.5207309575737772,0.5193663068397224
0.5471682049342932,0.459017630234287
0.5171282195309794,0.5265088966215419
0.5378113054906081,0.48183484693853845
0.5211165738166578,0.51858547700501
0.5254874927757516,0.5095142136273333
0.542123151693157,0.4714871300072141
0.5185295087669296,0.5237634769160332
0.5171885873245481,0.5263914785212672
0.5285672383152408,0.5028813658235097
0.5435877704692805,0.4679046957967027
0.5167029464192896,0.5273338958306578
0.5170426101162209,0.5266752790686712
0.5294399289675208,0.5009662278165871
