0.7406379395761769,0.13056217367125972
0.640488435885887,0.5718942752129168
0.08623350767541935,0.47814372688607026
0.632558977215043,0.575894213172276
0.6324128594062778,0.575940377462867
0.6227186339838577,0.5736560570714841
0.640853012844848,0.5693743093217366
0.5451784359816414,0.13277051773544796
0.6418959472591118,0.5700998904031231
0.635229273146624,0.5706415547763839
0.6352951307459822,0.5749067831814243
0.6406355664379901,0.5717636635460344
0.08053149269543246,0.1732030156555222
0.6303827811174437,0.5765286877707748
0.2935312449407819,0.7266586282653025
0.6411270736521766,0.571281220786962
0.638338353706973,0.5698329236769482
0.10790594931918843,0.8961784691097485
0.6355872362292498,0.5747849337805219
0.6306389878599594,0.576459385187416
0.6264107434149044,0.572825098275467
0.3178938114222045,0.12515659106087454
0.6284959767246765,0.5770030394421285
0.6300144955857303,0.5766260980160095
0.6213378555536461,0.5739600042020709
