0.7531399012428569,0.1319181809472347
0.5440194401768378,0.5855310455411815
0.4820053626103853,0.5115490664482419
0.5429263821255806,0.5881977592529654
0.54290213514889,0.5882282182467425
0.5366984840510364,0.57286686666368
0.5430861055684829,0.5814486814066543
0.6532319968577439,0.141765945244392
0.5439052368235858,0.5837784804587431
0.5408931773079098,0.5779013988617853
0.543366035479058,0.5875573945554615
0.5440276625986735,0.5854300116023775
0.31624672992778785,0.1660713716223141
0.5425594356558899,0.5886218496953549
0.5023174979421663,0.5365477758259508
0.5440410422178019,0.5850344481947231
0.5420338980675982,0.5795680456894505
0.43363695943502306,0.44504724895260034
0.5434109319506342,0.5874793484961439
0.5426032208285916,0.5885749306610643
0.5379050748268844,0.5742183543884088
0.34453155542025243,0.3276328989505018
0.5422331623781794,0.5889468648452919
0.5424962610378022,0.5886880494353113
0.536251294180307,0.5723775746691006
