0.5627890734604285,0.40146131406367336
0.5179977175213311,0.5311522398946916
0.5427403902648043,0.46336835359330736
0.5145515676982721,0.5390726803589693
0.5145078115953402,0.5391706042020044
0.528339811343632,0.5049480288171455
0.5221636946101699,0.5210282746478181
0.561299557668873,0.4060304961040793
0.5199219602085977,0.5265504015778221
0.5250462479155575,0.5136776749408666
0.5154463202483076,0.5370557806408601
0.5181151183632998,0.5308751530444011
0.5543975306557276,0.4273989111868046
0.513932047947786,0.5404529935684009
0.5397424368974529,0.47239170654591617
0.5185667457349106,0.529804771527282
0.5237611810080375,0.5169888722671733
0.5461247088988552,0.4530308980861475
0.5155522000771007,0.5368152812898209
0.5140016972514664,0.540298470823235
0.5275311077179679,0.5071231238790098
0.5484273025651372,0.4459312115131087
0.5134417235678023,0.5415361086885929
0.5138332968180667,0.5406717956031738
0.5286206528828176,0.5041879924794698
