0.615744508533714,0.25094323234533916
0.5108640778245206,0.5615958362999317
0.5402446736949328,0.448301300153794
0.5073475029643925,0.5705078682879944
0.5073023525899766,0.5706153425612385
0.5213644456810188,0.5278115382793018
0.5150553216069702,0.5494512398135523
0.6076134931990964,0.2639574667970659
0.5128034583818554,0.5561926150550447
0.517965271445891,0.539970629962647
0.5082676784523741,0.5682804327497775
0.5109827587102098,0.5612755473894065
0.5730565872195631,0.33478296742729935
0.506706851897008,0.5720172701745538
0.5353143818809708,0.4696057075114337
0.5114388085861129,0.5600323785955407
0.5166637444738712,0.5443188549713042
0.5470515905817562,0.42020568586829243
0.5083761937241487,0.5680130240874175
0.5067790289395432,0.5718488809363803
0.5205183917078208,0.5309431375051011
0.552722119929283,0.39850215700930647
0.5061975998506482,0.5731935558489081
0.506604449150595,0.5722554592768199
0.5216604770513106,0.5267000730089136
