0.5450989916930661,0.4790255039793373
0.5224874136231374,0.5103309360604593
0.5373594855626589,0.4901232052189837
0.5200040322754035,0.5135686197413813
0.5199720935246924,0.5136100157695516
0.5294252466982359,0.5010822909355052
0.525387426964539,0.5065019681684083
0.5446310462291559,0.47970811140700526
0.5238424135528426,0.5085484099337798
0.5273145271624021,0.5039283475089678
0.5206550592857261,0.5127234771697515
0.5225707883232714,0.5102215828143962
0.5422616344396676,0.48314141110612513
0.5195509873833194,0.5141552402839761
0.5358864691402905,0.49218939354066593
0.5228906922908434,0.5098016030015123
0.5264641425404368,0.50506693060314
0.5389131903971692,0.4879280070165364
0.5207318275977889,0.512623649958089
0.5196020095963964,0.5140892363358822
0.5289164782138019,0.5017709282393559
0.5399068762477048,0.4865154875306087
0.5191911828495543,0.5146202516849019
0.5194786087356301,0.5142488447929012
0.5296004397060496,0.5008447731045472
