0.5828069223025283,0.32790531750283997
0.5144988099965875,0.5466527889723106
0.5442642472350143,0.45144965222166056
0.5107782022444255,0.5557595169668571
0.5107309798905243,0.5558704708932419
0.5259188174268927,0.5141517383062228
0.5190268710392927,0.5345771741988097
0.5792355460166606,0.3375276728431876
0.5165834437596358,0.5412296512426016
0.5222065434783086,0.5254490871551254
0.5117437265661345,0.5534657648160954
0.5146257660948083,0.5463291578016792
0.5641780561962234,0.38272977117941803
0.5101095097787296,0.5573200803013839
0.5400314297009722,0.4665041123107403
0.5151143896278058,0.5450755540073524
0.5207825950532732,0.5296017227675469
0.5494219717350464,0.4330959658821094
0.5118579779169029,0.5531911530822837
0.5101846993543614,0.5571457413456425
0.5249975789302253,0.5170164402414724
0.5531989602970097,0.41980314749896497
0.5095800689725928,0.5585395854116479
0.5100028971662774,0.557566787691213
0.5262404292695498,0.5131425653430124
