0.7479857744963194,0.12821439155985226
0.6340527729345664,0.564980997171897
0.17786883771413237,0.5908640256760609
0.6185331055108506,0.5669011873748019
0.6182477014213223,0.5669278178435636
0.599021780810974,0.5663894031118994
0.6347624436261138,0.5642152359383437
0.5614126665167897,0.13144765828242755
0.6368196646094326,0.5643415145745176
0.6236733484870377,0.5649591924434084
0.6238799914665266,0.5663574199839244
0.6343417483275631,0.5649297294360813
0.08163288746090398,0.16722006773247755
0.6142835192799945,0.5672757868479273
0.35382750875588936,0.5706316382773362
0.6353075357146037,0.5647461471133428
0.6298039426870061,0.5645244152328002
0.10938660597117396,0.9045618381898621
0.624451162916124,0.5662937652984679
0.6147837180965487,0.5672340308577224
0.6062869446651703,0.5660338027981643
0.32592351789769247,0.12748557690365075
0.6106007480467974,0.5675657403843133
0.6135645557921476,0.5673347770587317
0.5963101071519238,0.5665087066035519
