0.547829800050104,0.4649099956525068
0.5216953776126811,0.514615188745871
0.5384736215132621,0.4837442791533457
0.518993213745045,0.5192241695136807
0.5189585843616993,0.5192825886295983
0.5293711527821195,0.5009731244485073
0.5248783708622621,0.509057202285232
0.5472477500352132,0.46611260181585323
0.5231785653980497,0.5120427419081471
0.5270128621127905,0.5052514385181642
0.5196997333924605,0.5180287212508152
0.5217864486556781,0.5144581084349348
0.5443348797417467,0.47207134347717394
0.518502272145084,0.5200508576696977
0.5367511556946176,0.48709028661529624
0.5221361104450613,0.51385394724707
0.5260688927545093,0.506942319925928
0.5403089444221735,0.48013622928924937
0.5197831284734081,0.5178871659003358
0.5185575336546083,0.5199579671107779
0.5288006219303253,0.5020152295672552
0.5414932779278917,0.477784902063644
0.5181127740795273,0.520704402072883
0.5184238920406662,0.5201825379041426
0.5295679335515071,0.5006126483992134
