0.6380178211713793,0.21759831403816332
0.5094029555333465,0.5676301472000647
0.5342563057428483,0.45119707072475673
0.5062297462872304,0.5759276105121921
0.5061883698911126,0.5760272459176289
0.5183094140196359,0.5353396729524006
0.51305483606675,0.5561916624483834
0.6273359186783289,0.23213878163125262
0.5111103471945296,0.5625614842132537
0.5155102598066168,0.5471374930726183
0.5070695516037167,0.5738604740266721
0.5095083172041244,0.5673305415744333
0.5756329733960653,0.3121704792288095
0.505641176556956,0.5773260718798848
0.5297871802285282,0.4751146381830067
0.5099121219615418,0.5661666603822985
0.5144196131535888,0.5513048443311686
0.5411211318504037,0.4180367156895235
0.5071681517164812,0.5736120253554059
0.505707643380307,0.5771701486676958
0.5176184493741751,0.5383996284228283
0.5475563312980496,0.3913585351799513
0.5051710874294892,0.5784146666963407
0.5055468071099606,0.5775465899217831
0.5185504467083129,0.5342498935508844
