0.7387160688474602,0.13239152876126212
0.5344599891975007,0.5803761180142357
0.4819361197566723,0.490521744525057
0.5336114942993933,0.5837642958477643
0.5335925602169485,0.5838028103756258
0.5284990182767585,0.5641375419179605
0.5336982190216781,0.5751547148833915
0.6728688995258031,0.14816363605880578
0.5343610536071121,0.578137931338314
0.5319236968769605,0.570602954867534
0.5339545229238345,0.5829533949862677
0.534466002604296,0.5802472752015018
0.3897323936063787,0.21108295162997084
0.5333248370625107,0.5843000301264413
0.49928685644223075,0.5188576732590299
0.5344746827007776,0.5797425922662248
0.532847931758054,0.5727425168071326
0.4453080113310316,0.42844680187368256
0.5339895086915333,0.5828544228431117
0.5333590531647152,0.5842408163630425
0.5294883194302016,0.565872780939842
0.39506788485130023,0.34829420311241677
0.5330697956418426,0.5847097882019417
0.5332754644897927,0.584383551444333
0.5281315180383541,0.5635095092812015
