0.7087810046517684,0.1391955191049094
0.5181991575287135,0.5760739791570245
0.4946359342770884,0.4743171610833646
0.5169508985830854,0.580974160261775
0.5169299807851911,0.581031364499338
0.5167552535214843,0.554544804026789
0.5186091938588464,0.5688889537973963
0.685357609555942,0.15899192534262221
0.5185430882217222,0.5729505293339872
0.5181349775542439,0.562858513253148
0.517351111826685,0.5797785101229184
0.5182275367740453,0.5758920638089733
0.5153647844226513,0.2670141719777667
0.5166431204194907,0.5817734713267095
0.5024667497979214,0.50206167137765
0.5183278238851615,0.5751821286924881
0.5184267807082474,0.5656715242288044
0.48204943161987446,0.4258575815673039
0.5173949809332746,0.5796336738247376
0.5166789665291545,0.5816847350569777
0.517182235833019,0.5567515443491626
0.4717098864528492,0.3783440216596383
0.516381888747729,0.5823903028071082
0.5165917579761963,0.5818988039286365
0.5165928590385428,0.5537501685718602
