0.7438835411668546,0.12919522307080242
0.6412565211460146,0.5738289839631675
0.08599990486063533,0.4888950848364748
0.6303407451577575,0.5757547621640968
0.6301400808217246,0.5757747765799722
0.6166329216213441,0.5736590306975907
0.641722557454807,0.5724461423863527
0.550557429758913,0.13226834742192345
0.6431911201471578,0.5729015132854461
0.6339053688920053,0.5728185738798246
0.6341015373340153,0.5753075163521837
0.6414593787824988,0.5737628495615762
0.08054719571168412,0.17175070260403708
0.6273538793782275,0.5760202196962088
0.36551784126424297,0.6039664610224672
0.6421367496099611,0.5735172352862121
0.6382211842504036,0.5725554732821192
0.10882115208139424,0.8978679589406788
0.6345034052174732,0.5752503183031022
0.627705338862894,0.5759923386754253
0.6217143138949478,0.5734611755684677
0.3181888996650913,0.12437800649501592
0.6247671244150648,0.5762020992352208
0.6268487593874387,0.5760588809867683
0.6147367004512786,0.5737251949185548
