0.5459718099114751,0.4741353634902701
0.5222308853314087,0.5118427174559923
0.537724609795191,0.4878251513033237
0.5196755123388186,0.5155946876457994
0.5196426897735632,0.5156425064401254
0.5294116336699485,0.5009859083476178
0.5252241737758129,0.507373853354659
0.5454686446646074,0.474988479245184
0.52362813424976,0.5097666837316127
0.5272195774811931,0.5043498479249382
0.5203447776494733,0.5146175864337202
0.5223167958298552,0.5117155741348165
0.5429302425737172,0.47925708900745045
0.5192100238411713,0.5162719730349753
0.536171534728923,0.49033268054540635
0.5226465056786453,0.5112270096414466
0.5263383848810397,0.5056897460441716
0.5393681365314962,0.4851471614123174
0.5204237251308493,0.514502067150031
0.5192624375397102,0.516195805562117
0.528882599883247,0.5018018023398135
0.5404222914205846,0.48341630583002815
0.5188404767162027,0.5168083195315466
0.5191356755357756,0.5163799747872218
0.5295939054265278,0.5007042061799406
