0.7529598751638661,0.12918616147582931
0.5711329383147101,0.5766204886254136
0.4416916762126534,0.6133154240049474
0.5646804291239159,0.5797112751125345
0.56456190025415,0.5797627349869295
0.5556245020465965,0.5788358784992887
0.5712011983356156,0.5754139956763723
0.5728480188575354,0.13105560663017685
0.5722246690112388,0.5757181261581086
0.5662508421227213,0.5762212136874306
0.5669045271991956,0.5787264224978846
0.5712514694815748,0.5765485379808164
0.16955662346484654,0.13884407053939868
0.5629179017317879,0.5804686081919804
0.4769005513841855,0.6029244814594453
0.5716446674664848,0.5762922069426724
0.5689619011090169,0.5756931262660803
0.37908449301639674,0.6190167420362215
0.5671424327458308,0.578618371313443
0.5631250911319023,0.5803803756411362
0.5587214624101652,0.578023505310443
0.2381906049182926,0.2252150829655707
0.5613947972919181,0.5811119733837184
0.5626202282307466,0.580595051370649
0.5544750479792111,0.5791442954844503
