0.7459835096648684,0.12850655588191248
0.6431532691954224,0.5717998823621322
0.09033304957943737,0.5379201384812081
0.6298173294686008,0.5729588618446573
0.6295717115061631,0.572968588134199
0.6128896813636143,0.5709102603504461
0.6437126534854647,0.5708503303811964
0.5552574441539957,0.13186477550271997
0.6455111130762489,0.5711873615925926
0.6341377565641971,0.5709369069171437
0.6344173542457973,0.5727189371638797
0.6434006748317159,0.571756930251175
0.08062958046845804,0.1690828626184439
0.6261594791458236,0.5730764220821533
0.3532899002678111,0.5628139253767177
0.6442266546747768,0.5715965707297421
0.6394271353905213,0.5708570476688986
0.11098236626153116,0.9096741350599685
0.634908540867338,0.5726859987184707
0.6265900983474861,0.5730654538740527
0.6191521906846242,0.5709871120394824
0.3201367109097322,0.12498751911044584
0.6229884424481394,0.5731363359855831
0.6255404947007328,0.5730909482620943
0.6105510388142379,0.5708687275971622
