0.5530234781017406,0.4418789203345584
0.5202884087501094,0.521096861387914
0.5403094463409038,0.47491232976024733
0.5172465395292825,0.5273298546552262
0.5172077373633969,0.5274079747233223
0.5291425440837745,0.5017364123303498
0.523915198441104,0.5133840846978129
0.5521847647338137,0.444115027282448
0.5219717399587177,0.517555055374661
0.5263806766396998,0.5079675687232547
0.5180391201918981,0.5257265205430572
0.5203914640582115,0.5208819236151063
0.5480903980519002,0.4549344434716787
0.5166968187383846,0.5284333522005894
0.5381218534494145,0.4803569465567685
0.5207874975648892,0.5200536333880265
0.525286628775885,0.5103883035039356
0.542686654245116,0.46890392790514346
0.5181327938512723,0.5255360621713869
0.5167586565362945,0.5283095693230031
0.5284703808314047,0.5032685825543473
0.5442480607894914,0.464909291796182
0.516261247188807,0.5293027482981676
0.5166091281844765,0.5286087339030027
0.5293750053462285,0.5012042061042348
