0.5455033707133835,0.4766879867817359
0.5223682516648546,0.5110572225990007
0.5375293704211742,0.4890128634843308
0.5198514633269532,0.5145463033214397
0.5198191149594532,0.514590844564635
0.5294191062571606,0.5010280112299335
0.5253116335188954,0.5069166747446534
0.5450192193007383,0.47745083845739167
0.5237428866480367,0.5091316150858531
0.5272705227030557,0.5041245424716475
0.5205109461964735,0.513636571542255
0.5224528043496502,0.5109391888309889
0.542571920612648,0.481278188145071
0.5193926525969393,0.5151773350950034
0.5360192093616544,0.49128966433442883
0.5227772642294445,0.5104857534650811
0.5264057979792229,0.505360717332716
0.5391246984865335,0.48658785608261046
0.5205887252147884,0.5135290674870335
0.5194443194200125,0.515106351273181
0.5289009039364685,0.5017781198257802
0.5401463735333473,0.48502413251735277
0.5190283358434108,0.5156773087094294
0.5193193615633157,0.5152779944897394
0.529597594428214,0.5007691617048383
