0.732806579806821,0.1329258191052655
0.5310423147686845,0.5788663055523228
0.48309597606703014,0.48564685539054253
0.5301927892508516,0.5825248394422058
0.5301744941212607,0.5825665904402919
0.5257432823760066,0.5615467202684349
0.5304233321375057,0.5732684553610133
0.6777221809067663,0.14993699740770275
0.5309895217703038,0.5764619680568062
0.528843431365126,0.5684140904982675
0.5305262796253235,0.5816467417830063
0.5310501893377386,0.5787276659765436
0.4180176103980144,0.22631943477664654
0.5299166615948626,0.5831059800728446
0.49889260025829535,0.5142590686798724
0.5310671766724466,0.5781848983346631
0.5296709194773436,0.5706935256886932
0.45127494107575494,0.4263307813237279
0.5305605848345623,0.5815396867938238
0.5299495352484531,0.5830417058167232
0.5266423575976357,0.5633870708375637
0.41138103565950496,0.3553562399691306
0.5296721994416321,0.5835510533001823
0.5298692609368237,0.5831966573842934
0.5254087836498964,0.5608811123907653
