0.7587553630838095,0.13024414468316778
0.5593772941293064,0.5855033200540314
0.48003042429213943,0.5676054846377467
0.5563800356466447,0.5875508066232038
0.556322584375237,0.5875792725334288
0.5495398862776001,0.5811952365229639
0.5588642275530149,0.5834855857370765
0.5973365843583244,0.1305701413963697
0.5597113933942245,0.584514238644794
0.5557962949843671,0.582333417303606
0.5574493653009477,0.5869828104023802
0.5594254956833287,0.5854399783602348
0.21796382765546105,0.13740597178016534
0.5555221426522988,0.5879599640434034
0.5028191963601939,0.5749472873468429
0.5595773466391555,0.5852000161378965
0.5574402808266993,0.5828255087647033
0.4278292061768335,0.5273629325424977
0.5575625315007725,0.5869173475608678
0.5556233534813211,0.5879133021585841
0.5513496719118235,0.5814620033784041
0.24465046202592472,0.2730462638120033
0.5547756815814537,0.5882932889948053
0.5553765822247856,0.5880264136296632
0.5488694581319083,0.5811038428327007
