0.7267478319196833,0.1337709376610861
0.5276317864360066,0.5776989089216972
0.4849624427011503,0.4818491576814137
0.526740634587646,0.5816405836004228
0.5267224419003214,0.5816857984504186
0.5231168985289384,0.5593397364721108
0.5272020220097646,0.5717244227031256
0.6816678682414821,0.1517014877421149
0.5276467269251447,0.5751260532225883
0.5258497033312259,0.5665794138539479
0.5270754317416396,0.5806909853343252
0.527642855858842,0.5775502245336667
0.4458173042442573,0.23972176327279404
0.5264673849998196,0.5822704942971113
0.4989746883396377,0.5104450719027326
0.5276732579397116,0.5769685404865177
0.5265654657379072,0.5689919903230906
0.45808253959706,0.4254507126598143
0.5271103242829671,0.5805753824030712
0.5264997824247358,0.5822007659738252
0.5239144142726642,0.5612760516584842
0.42725041722874246,0.3621439213264841
0.5262273601389271,0.5827537625645494
0.5264207254604281,0.5823688922641709
0.5228195021947686,0.5586400523215765
