0.5442105527244233,0.48496817262822617
0.5227496867265218,0.5084547657780156
0.5369875665570447,0.4930445236407704
0.5203365156882235,0.5110047203841422
0.5203054283579515,0.5110374598012767
0.5294425900736858,0.50129110548027
0.5255567429711779,0.5054669464051512
0.5437780689025014,0.48545696538144745
0.5240628132322264,0.5070600194516683
0.5274147926862586,0.503476091417598
0.5209699116332153,0.5103370585892617
0.522830560619354,0.5083690128516805
0.5415796307238145,0.4879312425097653
0.5198954320053596,0.5114689859148277
0.5355968341285182,0.49457878398271665
0.5231407783630424,0.5080399006703096
0.5265956337894139,0.5043551099357072
0.5384491483451755,0.4914249898447711
0.5210445657377536,0.5102582895893439
0.5199451195260074,0.5114167147834855
0.5289545360009502,0.5018181742916614
0.5393809654539351,0.4903886246412881
0.5195449517400886,0.5118374903531968
0.5198249413746726,0.5115431297764728
0.5296105405219723,0.5011095545213903
