0.7442262065825668,0.13209332068964488
0.5378102803673752,0.5821335976320116
0.4814521829394161,0.49657297058489763
0.5369215316035254,0.5852640771643018
0.536901403679161,0.5852995963604801
0.5313032434156296,0.5670339439914646
0.536950997027215,0.5772919572983538
0.6671657364844854,0.14625929697349596
0.537686524465756,0.580060339132741
0.5350128320145818,0.5730595442849529
0.5372852666579019,0.5845158713790168
0.5378157632628147,0.5820143508218406
0.3625467344545526,0.19491439832896632
0.5366164108196808,0.5857579987558799
0.5000807686980001,0.5242460263040994
0.5378212156891513,0.5815471298644382
0.5360198276782612,0.5750501147766511
0.4403386598766901,0.4321796732755103
0.537322232447423,0.5844245041415836
0.5366528697280928,0.5857034222905759
0.5323722910847438,0.5686526075052674
0.378415587387597,0.3412216531306466
0.5363443908344819,0.5861355569736446
0.5365637861033731,0.5858349723697133
0.5309065386176599,0.5664478408472321
