0.7409989826492439,0.13041640177164288
0.6402307719080472,0.5720641676091407
0.08623304118655574,0.47835222933834187
0.6319613004124103,0.5758321907037856
0.6318090897422927,0.5758759047997252
0.6217200507235163,0.573699307747808
0.6406159692215412,0.569702039831853
0.5456983918535212,0.13272497469074834
0.6417022315049103,0.5703831254101908
0.6347514320589162,0.5708812419396784
0.6348125125061802,0.5748985009408729
0.6403844553699917,0.5719416758134569
0.08053247498348311,0.17302645629670407
0.6296948389290836,0.5764334529955979
0.3078136607172634,0.7109221683386159
0.6408979793856072,0.5714894405257153
0.6379932865288076,0.5701275324863858
0.10797702150667242,0.8960270402631874
0.6351170195282919,0.5747834590092505
0.6299616215966548,0.5763677314796966
0.6255634868568406,0.5729217247028947
0.317811645341802,0.12497353948785334
0.6277305360356104,0.5768835593728325
0.6293113736217465,0.5765258476279201
0.6202832175633894,0.573983843788716
