0.7420634892134508,0.12997606150551683
0.6398055202975136,0.5727159063946095
0.08621543049608095,0.4792910330664825
0.6305598614929677,0.5757855977600883
0.6303899582992387,0.5758210913473574
0.6190965211597818,0.5738057821242615
0.6402311954580374,0.5707715487283249
0.547328861360827,0.13257596692515639
0.6414527503100285,0.5713460213725272
0.63365737080587,0.5716614193271596
0.6337442209238615,0.5750256413732387
0.639977622298932,0.5726162117934003
0.08054197388048,0.17258587407498877
0.628030861517292,0.576272591894799
0.3404479245137799,0.667149605878925
0.6405527083662552,0.572248147717563
0.6372893630268907,0.5710850958698971
0.10816694325808728,0.895934298725786
0.6340845111031891,0.5749318592815322
0.6283284481223189,0.576219508599861
0.6233844637917639,0.5732187795887345
0.31772302788250595,0.12456369528563517
0.6258405376724483,0.5766348125222315
0.6276031647928701,0.5763471435183123
0.6174950963001437,0.5740197115037633
