0.7427723662553465,0.12967428207127643
0.6399587091134925,0.5732200940065101
0.08616424730388457,0.4808848394572466
0.6300697341566366,0.5758258582945076
0.6298880431164899,0.5758553184534736
0.6177569648233489,0.5738401724867397
0.6404013977310864,0.5715166437692865
0.5485102349649656,0.13246491606016167
0.6417176064702719,0.5720372558758843
0.6333502083528135,0.5722001219585826
0.6334753768780781,0.5751893508977822
0.6401427278217089,0.5731344503518687
0.08054975768748776,0.1723261881215409
0.6273654889498178,0.5762272064617947
0.35451628147662456,0.640564225462413
0.6407574764863626,0.5728178294225592
0.6372444833428347,0.5717488606239581
0.10833542155932803,0.8961983738951959
0.6338393505504919,0.5751101992056302
0.6276836717838669,0.576183790624848
0.6223457255474465,0.573401070596048
0.31780719672774854,0.12441487706263203
0.6250237906459681,0.5765207946794184
0.62690820309697,0.576288023647196
0.6160440316555283,0.5739984014505789
