0.7485333367897882,0.1282929376270654
0.6296299616089973,0.5606778375607494
0.22549669973349543,0.6218638779919161
0.6144220593095284,0.5634734502753146
0.6141429987636076,0.5635176324481388
0.5955004908581987,0.5642128785409928
0.6303605115925863,0.5599085053089422
0.5638437357274533,0.13126605595450788
0.6323582038386015,0.5599128025676203
0.6195291751984796,0.5612633449402897
0.6196535018564392,0.5626089967748686
0.6299140930006407,0.5606123523018487
0.08283634884676506,0.16673213258792122
0.610268678064274,0.5641134175172333
0.3738169707766484,0.5860591576117741
0.6308643537524126,0.5603823484344302
0.6255168573751102,0.5604858825106819
0.11054774833030442,0.8937290516048313
0.620212749782594,0.5625120781478159
0.6107573624996252,0.564039996393598
0.602573260135792,0.5633889151775302
0.330276557890208,0.1299332246509041
0.6066721836781568,0.5646397236249553
0.6095663513556259,0.5642181110362687
0.5928627465746296,0.5645105768391819
