0.7522352907270216,0.129203331829853
0.5740311797389159,0.5747909476502557
0.4298156268132996,0.6216421896778491
0.5667732135086093,0.5781806968743454
0.5666402336242521,0.5782380077084874
0.5569930941284508,0.5780935693328734
0.5741947912143784,0.5736545018719694
0.57049429011929,0.13117445882168507
0.5752864443225015,0.5738615109907035
0.568748130436955,0.5747957146760619
0.5692696078047753,0.5770874958215398
0.5741655660874414,0.5747144568168393
0.16177458869179775,0.1400524851775946
0.5647962299952582,0.5790256744473903
0.46933472925856856,0.6078760775840154
0.5746126363217884,0.5744441482026648
0.571737181478275,0.5740891454768274
0.3606264396021343,0.6361572988059346
0.5695368060724014,0.5769680479042395
0.565028587114023,0.5789270724073157
0.5604226584882812,0.5770825102673622
0.24596138632746306,0.2164291440926592
0.5630883684421483,0.5797457458888865
0.5644624137688597,0.5791670441511765
0.5557196752888807,0.5784758496958492
