0.7537609412508289,0.1291962928728511
0.5686449661482998,0.5783820787983558
0.45180740626275395,0.6053404281140421
0.5629264746396396,0.5812041221206531
0.5628210616962706,0.5812502202611823
0.5544835118080002,0.5795121577484366
0.56861722516628,0.5770901039236215
0.5756082655745033,0.13092699275068806
0.5695846386871739,0.5774968474386791
0.5641063453892083,0.5775656462406569
0.5649031943325938,0.5803182056792207
0.5687489204942133,0.5783139215399675
0.17680869811801062,0.1380120413579023
0.5613584791388126,0.581880992927337
0.483509697806948,0.5981191957025959
0.5690924624307758,0.578068865765887
0.566570597657495,0.5772137263796503
0.3939282263022828,0.6027419379031761
0.5651144568786439,0.5802205113635106
0.5615428508207558,0.5818022947992834
0.5572848759832671,0.5788935833964013
0.23324888147092315,0.233357934421957
0.5600027932749625,0.5824537315847537
0.5610935684496633,0.5819937056671168
0.5534441729180909,0.5797485902156785
