0.5656670742909287,0.3899620186088711
0.5174043715203903,0.5337644933558742
0.5432221848959857,0.4608372489752579
0.5138824182558612,0.5419909182721174
0.51383772871584,0.5420923279418268
0.5280379817130909,0.5061542230743603
0.5216723300025413,0.5231738944184023
0.5639400680949956,0.395292885515121
0.5193738797840454,0.5289616349618746
0.524636217511316,0.5154257263439095
0.5147963823927416,0.5399006594206592
0.517524460151682,0.5334758046275209
0.5560611449112368,0.4200648531451991
0.5132497265442328,0.5434197310946175
0.5400082316784017,0.4708409953197525
0.5179865102035246,0.5323600096830893
0.5233135570276519,0.5189224325231464
0.5468912548543925,0.44926131401646663
0.5149045530589547,0.5396512109710737
0.5133208522723482,0.5432598465152584
0.527200960663788,0.5084716683099384
0.5494140861759171,0.4412418951326864
0.5127490352988653,0.5445399584427933
0.5131488838270526,0.5436460965488874
0.528328948607144,0.5053432719929682
