0.7493362118249964,0.12923261332781258
0.6067805382421815,0.5650769270259329
0.3217079434297739,0.6760577168017552
0.5939197221511122,0.5700746422831874
0.5936847451996486,0.5701623540598617
0.5782204837033144,0.573502647528457
0.6074463829785631,0.5641648141871315
0.5661464688491191,0.13135620494774317
0.6091134386460346,0.5639477896815155
0.5983341968810714,0.5669088481163475
0.5983303721098029,0.568413913327972
0.6070223711948121,0.5649736117892099
0.09462023472140266,0.16049783089529576
0.5904252787595289,0.5713729084057048
0.41313793602840393,0.6342487645180094
0.6078321387775026,0.564617716264938
0.6033688311362007,0.5653401990230404
0.17118146934078632,0.7813602905791602
0.5988025604779615,0.5682341711277067
0.5908361292514688,0.5712208950197855
0.5841272000920749,0.5715365333503327
0.3415869432188208,0.1443250255595489
0.5874039322673182,0.5724865187460024
0.5898349488625949,0.5715910687381897
0.5760203753343488,0.5742392087282528
