0.7451086028619957,0.12873283016130715
0.643040803844665,0.5732468359074371
0.08617249892616066,0.5136845009881792
0.6308163745818659,0.5745929306405471
0.630591388978818,0.5746047219026199
0.6153397938469327,0.5724100375927098
0.6435488716719958,0.5721440437479726
0.5531503764119811,0.13202873939482332
0.6452016970596898,0.5725364998140117
0.6347708749645681,0.5722674276725637
0.6350312566427965,0.5743090634408315
0.6432676604279747,0.5731971849617578
0.08055707854773432,0.1704641645060169
0.6274665310436113,0.5747393376109724
0.3621988010074687,0.5739037788898174
0.6440249655915098,0.5730116254892503
0.6396179071695377,0.5721579794338266
0.10995150638297958,0.9037549113252149
0.6354814529908552,0.5742706683756266
0.627860807339673,0.574725151507489
0.6210611346698858,0.5724295151064633
0.3190675518610116,0.12460302227047773
0.6245637990082155,0.5748220374943822
0.6268998257584814,0.5747584268492039
0.6132040978453386,0.572391911624449
