0.5486276829987324,0.46119845128962306
0.5214704695694689,0.5157015180531189
0.5387809208822664,0.4821935438807212
0.5187092718219306,0.520617928144822
0.5186739160332772,0.5206801170611864
0.5293471527697323,0.5010247891095058
0.5247300002472797,0.5097453342292717
0.5480098147434522,0.4625520527381271
0.5229882794288513,0.5129486110512487
0.5269209313479809,0.5056486533212234
0.5194307686743713,0.51934465063185
0.5215636178265527,0.5155336042169123
0.5449287824162627,0.4692327615273897
0.5182080966047321,0.5214976745481025
0.5369860958637687,0.4858781056477889
0.5219213125727807,0.5148875515478095
0.525951447338723,0.5074706675650769
0.5406990219863012,0.47820523590498043
0.519515951843887,0.5191937920979064
0.5182645031738068,0.5213988529394495
0.5287596114122297,0.5021529043715
0.5419400471394206,0.4755975483850115
0.51781057581923,0.5221927286743491
0.5181280953364563,0.5216377492380306
0.5295498897810424,0.5006342816856282
