0.5545072905989916,0.4355865197272971
0.5199111406216901,0.5227650132787937
0.5407627126960278,0.47280861067758995
0.516790227456336,0.5293411272791594
0.516750456751644,0.5294233371637209
0.5290481679630162,0.5021045446531116
0.5236424543932806,0.514578875718146
0.5535844543305518,0.43814447667533707
0.5216413760930193,0.5190127917820584
0.5261873538289835,0.5087953287478058
0.5176027909965008,0.5276527269207976
0.5200169955924372,0.522537633750513
0.5491136138326284,0.45044537969358456
0.5162268651408736,0.5305019294607595
0.5384455823487131,0.4788221270840942
0.5204238718926425,0.521661005735826
0.5250571152115205,0.5113837454076798
0.543295185963669,0.4661318789425124
0.5176988525194811,0.5274520195106357
0.5162902290459672,0.5303717683331409
0.5283508536499999,0.5037535382360159
0.5449673103289011,0.4616694084741097
0.5157806017546596,0.5314157725683223
0.5161370140062999,0.5306863267789222
0.5292894975923902,0.5015311694330531
