0.7424166457113008,0.12982665806724883
0.6398254110644328,0.572965052660067
0.08619648220613094,0.4799094536355966
0.6302592416075209,0.575802288065003
0.6300834763284,0.5758348079500204
0.6183761168254637,0.5738284920129159
0.6402601498096664,0.5711443687755355
0.5479067018626071,0.13252193523510428
0.6415285494264672,0.5716905227557717
0.6334491362398961,0.5719318569469707
0.6335537076190357,0.5751034984209676
0.6400034659926083,0.5728724906096391
0.08054623848724686,0.17245717125155102
0.6276431243283269,0.576247212739854
0.34817884573825936,0.6536283012329517
0.6405983758019859,0.5725305781624667
0.6372114438629889,0.5714176538953326
0.10824214251615517,0.8960223601940875
0.6339057897459093,0.5750170041440159
0.627950946202103,0.5761988627077879
0.6228131609250847,0.5733136784707075
0.3177500676116941,0.12447669555286468
0.6253776016492182,0.5765759405946544
0.6272007248734537,0.5763150465600695
0.6167194478608629,0.5740153143728802
