0.7598801115126027,0.13177627647983473
0.5514906163338246,0.5874718389050124
0.4834147715382598,0.5360054994806226
0.5498035436798274,0.5896491158242008
0.5497687637122944,0.5896752717146123
0.5432364206904976,0.5785248805993545
0.550652716587658,0.5844228195094491
0.6278485774064368,0.1345365985406449
0.5515044862175777,0.5861314047555156
0.548141588980961,0.5819295061263005
0.550442243219141,0.5891069440297572
0.5515108308579594,0.5873929552296607
0.26769851430162345,0.14413167279438616
0.5492805653684447,0.5900165462766498
0.5047589157719634,0.5543195857367145
0.551565270682336,0.5870861534975186
0.549461328639473,0.5830879169025839
0.4298370323615155,0.47476557824687565
0.5505086250677312,0.5890418191426539
0.5493426317180999,0.5899755415465773
0.5446488837195205,0.5794281093284057
0.2942327945677818,0.3063183615266679
0.5488203202318317,0.5903031574988865
0.5491911510555317,0.5900745570014522
0.5427133104542256,0.5781993328813461
