0.5505554696913788,0.4525544436539797
0.5209401521937856,0.5181682547009326
0.5394856743092903,0.4787761906331483
0.5180468120301999,0.523728095212994
0.518009832091704,0.5237981147262175
0.5292720827490657,0.5012575488053578
0.524371851142968,0.5113645978402381
0.5498457974046033,0.4542829417863344
0.5225356909004323,0.5150332284057406
0.526690665758119,0.5066389484156094
0.5188018025896349,0.5222928295253015
0.5210379579864715,0.5179774931195251
0.5463388173067082,0.4627373577836911
0.5175227575961847,0.5247179211309883
0.5375171990852187,0.4832496517274468
0.521413670896354,0.5172429811581376
0.5256632587560998,0.5087454847946535
0.5416046631687975,0.4738913563850186
0.5188909855042342,0.5221225669458875
0.5175817239997288,0.524606808596649
0.528645539347079,0.5025752624297593
0.5429846127325332,0.470673263650412
0.517107302319562,0.5254988960736121
0.517439132191865,0.5248753855685339
0.5294884991176131,0.5008006804689973
