0.7468563864282833,0.1283664762419608
0.640812673587037,0.5697079600430625
0.11152040393906631,0.5575312811612773
0.6262362467413394,0.5709423011249811
0.6259677009487973,0.5709546093948283
0.6077455790669967,0.5692811201027775
0.6414412361611264,0.568868699385293
0.5576356810349988,0.13171565943908464
0.643394609658976,0.5691342472710331
0.6309914985094685,0.5690808512240295
0.6312647702396643,0.5706588061106352
0.6410832074343885,0.5696662715058564
0.08083449095293742,0.16769100970546638
0.6222363895397841,0.5711001304945297
0.34409946557672144,0.5605882359401475
0.6419866663758914,0.569512389167543
0.6367672713914571,0.5689380823256832
0.1111200989001691,0.9119281842118976
0.6318016225351447,0.5706218940272486
0.6227073340085141,0.5710842477167691
0.6146023250836068,0.5692952457327525
0.32179140139151813,0.1256039720112125
0.6187678885720517,0.5711971999914255
0.6215594109691145,0.5711217849012195
0.6051844163033446,0.5692617151736674
