0.5438017513427315,0.4882673298291843
0.5228689725859654,0.5073956552676347
0.5368236126792876,0.4947255434960262
0.5204820847229752,0.5095333248644015
0.5204513016937168,0.5095608417784717
0.5294583843577666,0.5014510389456386
0.525638408348463,0.5049051386385658
0.5433860902066501,0.4886545026621571
0.5241654845241485,0.5062311137006688
0.5274670515380917,0.5032544275547284
0.5211090950116799,0.5089725553857972
0.5229488717063786,0.5073239590366254
0.5412688186421549,0.4906216996420527
0.5200452400078596,0.5099236976328512
0.5354715539513473,0.49596692848168605
0.5232552919768083,0.5070489126473235
0.5266613167799686,0.5039823843625895
0.5382416930024234,0.4934201523813627
0.5211829729449975,0.5089064463199771
0.5200944584275716,0.5098797282348642
0.5289795365117329,0.5018852550150975
0.5391442145207872,0.4925875170328544
0.5196980086099001,0.5102338033779257
0.5199754112411776,0.509986073633624
0.5296231025105084,0.5013015904907882
