0.5403414034792948,0.49496324327250674
0.5208076948530664,0.5071966002928469
0.5339986316118245,0.4989340782673185
0.51848435904174,0.5086530038050174
0.5184542697369917,0.5086718684207329
0.5271205121808876,0.5032412746511266
0.5234790721062155,0.5055225236371741
0.5399683041618277,0.49519680721493536
0.5220615676022,0.506410771004379
0.5252285353542403,0.504426442001556
0.5190965431872753,0.5082692087367292
0.5208851320667434,0.5071480653519783
0.5380585865798618,0.49639232094327757
0.5180570602348542,0.5089209077471419
0.5327501337889247,0.49971578161289065
0.5211819090365201,0.5069620600653237
0.5244591085359419,0.5049084833639932
0.535301263088365,0.49811852412290136
0.519168586759921,0.5082240446687062
0.5181052352548358,0.5088907026338924
0.5266668092693383,0.5035254641915075
0.5361266699106924,0.49760177077467554
0.5177169584618924,0.5091341528155848
0.5179886978106724,0.5089637704416164
0.527276397102207,0.5031436342442366
