0.5471273060166192,0.4682780440189944
0.5218959666230106,0.5136150130112905
0.5381957093666146,0.4851962472636507
0.519247859244564,0.5179271478526912
0.5192138953053652,0.5179819102512129
0.5293888715566311,0.5009535690732024
0.525009036760577,0.5084376548252828
0.5465757939274849,0.4693488035759572
0.5233474940314339,0.5112155902241589
0.527092153067791,0.504907365246877
0.5199406593499549,0.516807102893621
0.5219851369929204,0.5134683449450163
0.5438072104134634,0.47467320422379733
0.5187662925473091,0.5187023315607128
0.5365371477452756,0.4882354890881075
0.5223274498094858,0.5129044158053744
0.5261713859108418,0.5064743384955996
0.5399583609584158,0.4819304098771615
0.5200224166291759,0.5166745491371475
0.518820505076356,0.5186152024083408
0.5288337302088472,0.5019151630040991
0.541093182463212,0.47980847423380996
0.5183841439496074,0.5193155249155741
0.5186893975762208,0.518825855697626
0.5295802683624039,0.5006211641332574
