0.5602882674828777,0.4116113318351942
0.5185422873097335,0.5287640515171678
0.5422384933744381,0.46585652364674096
0.5151760625320589,0.5363609266518186
0.5151332872852241,0.5364551209472683
0.5285816629747978,0.503975198388733
0.5226008788646003,0.5191210808699018
0.5589878321158304,0.41553939783982635
0.5204187602001588,0.5243710847773226
0.5253987730740846,0.5121707206400288
0.51605060243103,0.5344222771371657
0.5186568498171876,0.5284990943486045
0.5528793623507953,0.43404014686700065
0.5145703717935086,0.5376892547421072
0.5394374948965271,0.47399988304615975
0.5190974716855358,0.5274761017825078
0.5241526936225755,0.5152961371321798
0.5453697033841295,0.4566112191391662
0.5161540692109952,0.5341912929955085
0.5146384723766702,0.537540489264483
0.5278016970296036,0.5060111109945599
0.5474807038832806,0.4503112249139557
0.5140909114425005,0.5387324506135519
0.5144738140516248,0.537899931241951
0.528852267995514,0.5032647614888838
