0.6709502870702678,0.17538196222769215
0.509505476029777,0.5732510040868047
0.5203568895213935,0.46005232244154504
0.5070735335633646,0.5802545318440155
0.5070403035108728,0.5803380419150475
0.5147842425402842,0.5449519989321708
0.5119750172681748,0.5634266957927178
0.6560188942385904,0.19433028003650643
0.510708198255951,0.5689228337554584
0.5134029826735207,0.5554993397426581
0.5077399746410913,0.578518880779963
0.509581985014382,0.5729962505720251
0.5712418495899612,0.28834458991476497
0.506597463159905,0.5814254381386504
0.5186617229183811,0.4862408678119957
0.5098724865872489,0.5720053304235772
0.5127932846816947,0.5591653230547604
0.5242109921344221,0.4206466297391678
0.5078171954547467,0.5783098750450861
0.5066515858543937,0.5812950161946542
0.5144676562142012,0.5477124592562036
0.5295841087763967,0.38674751165752863
0.5062121207289283,0.5823350978397718
0.5065204646731083,0.5816098353006793
0.5148910255737271,0.5439645267767179
