0.7491477145644311,0.12909262790311415
0.6139873366992187,0.5629205168445457
0.30121671095245217,0.6783395437911705
0.6004334222170317,0.5678202955581451
0.6001855471366894,0.5679059808509379
0.5838878625713786,0.5712402075478756
0.6146961407487814,0.5620384454986532
0.5667106155341423,0.13121972494248568
0.6164450588864706,0.5618125036360605
0.6051077949671583,0.5647626971065975
0.6050846034019901,0.5661958572906426
0.614241999943653,0.5628189553330268
0.08941619319012693,0.16282542729997668
0.5967463113503476,0.5690874692535665
0.4054288336659916,0.6315548554385518
0.6150947546800237,0.5624691666798335
0.610408127936472,0.5632088961323002
0.14503192005329568,0.812351620515549
0.6055823627574669,0.5660198044595869
0.5971799083479371,0.5689392166384962
0.5901259339247862,0.5693161049364374
0.34211691394347504,0.13938800379376254
0.5935569347909301,0.570172588776089
0.596123254834038,0.5693001777521398
0.5815630626825783,0.5719597271291788
