0.6970562906662969,0.1473534906933519
0.5133573006269468,0.5755464176398349
0.5040600943259929,0.4695465570956764
0.51169921766013,0.5812163072420272
0.5116742421474678,0.581283180483358
0.5144727021595137,0.5515569661440052
0.5145270619447085,0.5674023056819251
0.6782792577607413,0.16857463443418758
0.514013346553492,0.5719845486826179
0.5147782308480082,0.5606839149193223
0.5121885075418884,0.579822424795079
0.5134029291890136,0.575337953165259
0.5467697371796487,0.27616582545128904
0.511336534040609,0.5821523118580733
0.5076385275169895,0.4966899471208512
0.5135717027099095,0.5745256555055801
0.5147243080160332,0.5638063513131766
0.49961020504009773,0.42507373008210025
0.5122436971105995,0.5796540630545552
0.5113782811781997,0.5820482293725258
0.514608491752215,0.5539659275036501
0.4981558906013564,0.3839856863672095
0.5110356826349272,0.5828770323706713
0.5112769219131508,0.5822993937924391
0.5144160201091617,0.5506917736834694
