0.7563002605128358,0.13191682126904278
0.5467500726533823,0.5866752601854236
0.48259110742897865,0.5197260266551657
0.5454954968083071,0.5891468031132245
0.5454683139379882,0.5891753347265923
0.5391062105366885,0.5752639169943098
0.5458274254813019,0.5829580591473283
0.6451407605628986,0.13924089007086132
0.5466657434831924,0.5850721030714137
0.543527486194858,0.5797646613895603
0.5459903511071468,0.5885487754089531
0.5467613564010158,0.5865824640403116
0.2979423806173808,0.1559601034790286
0.5450849411094265,0.5895448244369688
0.5033808455917821,0.542768658129871
0.5467850095351752,0.5862196289391423
0.5447270243051632,0.5812619690303967
0.4317029810887868,0.45383517794927475
0.5460411676739535,0.5884761131807956
0.5451338477516462,0.5895007060356617
0.540377971833783,0.5764696112076834
0.32746846590935064,0.3209222301815497
0.5447210530382675,0.5898510449834887
0.5450144104311415,0.5896071094060338
0.5386350326647091,0.5748277411893964
