0.7455420635082727,0.1286067306728382
0.6432802999671984,0.5726156803361476
0.08721998556193192,0.5259546825658467
0.6305231818656883,0.573839055111652
0.6302883023638552,0.573849298408007
0.6143451630085287,0.5716936901492815
0.643811401345011,0.5715939121601724
0.5541643444237397,0.13194475336080688
0.6455350851122986,0.5719607304176826
0.6346495430795639,0.5716802357193469
0.6349227347257115,0.5735868748630374
0.6435169855945488,0.5725699813552666
0.0805814677880628,0.16983531465918403
0.6270256319356385,0.5739633763388672
0.3581274270097449,0.5671961303134714
0.6443071163009215,0.5723990935516055
0.6397094956370039,0.5715961477762176
0.11049709932815818,0.9068074711102602
0.635392582704848,0.5735522559172873
0.6274373373745796,0.5739517002667252
0.6203264819863731,0.5717552662632441
0.3195397264828231,0.12476737259777484
0.6239942229232619,0.5740280457228844
0.6264338545941401,0.5739788888774473
0.6121119822392515,0.5716587898512049
