0.7029898223453572,0.14255893429532449
0.5155789633514031,0.575851878535264
0.49909444583496776,0.47208120562149597
0.5141407548100485,0.5811221123962506
0.5141180049220233,0.5811839701260888
0.5153734505785834,0.5531418007292692
0.516351940775224,0.5682065240584324
0.6828229813340654,0.1630927565478115
0.5160710079582027,0.5725179306766244
0.516229105151907,0.5618460347297403
0.5145815213714289,0.5798310861312537
0.5156154749803675,0.5756572113480511
0.532613202826526,0.2722231469605645
0.5138083264515135,0.581987223906192
0.5047719427093356,0.49950886252459564
0.5157481212640552,0.57489811669082
0.5163530741488243,0.56480750549407
0.49077703189667465,0.4257386956917355
0.5146305839682976,0.579674934538077
0.5138468062122468,0.5818910990261206
0.5156580741423301,0.5554457173335857
0.4853305363397172,0.38172259767592565
0.513529528497405,0.5826560098070767
0.5137532892050143,0.5821230285751522
0.5152627794002278,0.5523132454817671
