0.7206949255951584,0.13501233323081274
0.5243041926257453,0.5768826157114306
0.48752704291582966,0.47889431092725876
0.5233317609680669,0.5811227888934981
0.5233131515792541,0.5811717099440975
0.520696146125703,0.557497623739263
0.5241099364216,0.5705241977555336
0.6844961366588828,0.15362602507529913
0.5244082740915104,0.5741361716701054
0.5230184773222277,0.565092621841165
0.5236783850405418,0.5800969850728688
0.524319772786922,0.5767235005780721
0.47176681465361564,0.2509633405133372
0.5230539967314334,0.5818050053962228
0.49958017098704066,0.5072822459913132
0.5243686368910193,0.5761015058100326
0.5236073719767848,0.5676354531156335
0.465571336626885,0.4253603845367608
0.5237150981555666,0.5799723095302496
0.523086753665182,0.5817294143563062
0.5213807334116937,0.5595242796189761
0.44261478168567864,0.3683900542440411
0.5228124917430131,0.5823294244073536
0.5230068913368292,0.5819117082134179
0.520439953750235,0.5567660686184164
