0.7546425498208248,0.12924947207007262
0.5664833303653708,0.580063642636716
0.46028858003213685,0.5976336743968534
0.5614295856721305,0.5826518046006518
0.5613359979886701,0.5826931077742837
0.5534918190123136,0.5801125581306561
0.5663589579887907,0.5786688703182769
0.5788083325116457,0.13079322260962828
0.5672821199380361,0.579184239913937
0.5622323020325061,0.5788159984291033
0.5631830403496154,0.5818539288803799
0.5665739517290563,0.5799984242369314
0.18392322449496573,0.1374749611054543
0.5600368741471289,0.5832565364058142
0.48917235620061505,0.5934416607774751
0.5668719414081187,0.5797615573166428
0.5644800477297232,0.5786372921102013
0.40560375557803646,0.5870424019799455
0.5633702269020534,0.5817653890092843
0.5602006968679439,0.5831864047329128
0.5560333261565591,0.5796819281694008
0.23085130055244782,0.24118468903191675
0.5588318796310623,0.5837656966002036
0.5598014638857322,0.5833569052172107
0.5525492364160778,0.5802792464911068
