0.7500190685701987,0.12932179690127008
0.5919369647969199,0.5674805223735326
0.36319500333017624,0.6589259128035504
0.5808811589940365,0.5721377000643124
0.5806793829472687,0.5722191684136912
0.5672268584951062,0.5747847568812551
0.5924632857523717,0.5665127100793899
0.5652746888040971,0.1314797647032962
0.5939326138158312,0.5663941828089296
0.5845585581907238,0.5688954222651825
0.5846706226696647,0.5705947920019857
0.5921447265210138,0.5673830561871825
0.11795041025184047,0.15144351009190715
0.5778816498136299,0.5733435481972973
0.4313113610415898,0.6279824907566575
0.5928398567316361,0.5670458176479162
0.5889192917390585,0.5675194825113082
0.242877710530387,0.7228306444958268
0.5850765205826394,0.5704277138783584
0.5782341755674076,0.5732023511676951
0.5723041024456299,0.5730179169254979
0.31145015324967645,0.16715040822124164
0.5752903392369304,0.5743780338734632
0.5773751872699937,0.5735461907853332
0.565338126105973,0.5754482675985786
