0.7446866955522992,0.12887776193394032
0.6425749000180753,0.5736614117023392
0.08595381892560496,0.5029629893586245
0.6308354951476403,0.5751756764041507
0.6306195257261221,0.5751898051567166
0.6160077206485506,0.5730008200499556
0.6430649487143377,0.5724705017426859
0.5522142030885779,0.13211239418807025
0.6446512278974751,0.5728853018793466
0.6346400580011492,0.5726605305974785
0.6348820942357661,0.5748451644947031
0.6427928410547225,0.5736068490205931
0.0805464951484487,0.1709858653073092
0.6276202494045031,0.5753558675720691
0.3650471113745649,0.5826496995901308
0.6435204153797198,0.5734033093320242
0.6392915478294493,0.5725090414022814
0.10946765344511691,0.9011276582024796
0.6353143849577968,0.5748013706875905
0.6279986441494421,0.575337799715851
0.6214916765934033,0.572957813748849
0.3186973838853168,0.12448895067458882
0.6248347588522083,0.575466672317741
0.6270763894433071,0.575380503391396
0.6139609721595634,0.5730071299455085
