0.7435027653229739,0.12935777172795335
0.6406665349894209,0.5736846242451396
0.08605517418538666,0.4849655350806899
0.6301094215359202,0.5758331743268584
0.6299154037936154,0.5758563451852624
0.6168918022816818,0.5737824203962795
0.6411241558082825,0.572199432724271
0.5498258703344997,0.1323387919524742
0.6425398512999878,0.5726752266504185
0.6335741725445365,0.5726738842817953
0.6337459366755414,0.5753230823372166
0.6408628269253067,0.5736122033284462
0.08055044060072811,0.17199620464720808
0.6272216389896198,0.5761442264222839
0.363234001698569,0.6157103932157595
0.6415183717298198,0.5733437462839822
0.6377427723558122,0.5723489758888386
0.10861357576404371,0.8970267060846896
0.6341345593318896,0.5752586419603334
0.627561423443362,0.5761111131412852
0.6217994888139617,0.573502842184949
0.3180213259935,0.12436567454033207
0.6247209328015818,0.5763638770217646
0.6267333055417403,0.5761903587715739
0.6150603329399688,0.5738799250103589
