0.750475402225195,0.12930542151644595
0.5862061393320936,0.5691461432152592
0.3826316105732276,0.6491458946255277
0.5761492661149566,0.5735133467359289
0.5759656893266015,0.5735893529842259
0.5635710157010324,0.5755720429184356
0.586647339273386,0.5681478010672628
0.5658488135464287,0.13144073928080582
0.5880109947979837,0.5680986974520859
0.579402472255956,0.5702560592417668
0.5795972096891748,0.5720724111473674
0.5863947939565302,0.5690536144687741
0.1312295030591769,0.14725736355073304
0.5734205292932302,0.574637735525096
0.441499712595709,0.6231927772870325
0.5870254867013499,0.5687322814021241
0.5833953679360466,0.5690284097073376
0.27890521114423206,0.697375144343078
0.5799665416882427,0.5719161712386621
0.5737412038323084,0.574506139438736
0.5682039115981052,0.5739721461781536
0.29008903904366556,0.1819056680957414
0.5710636100856881,0.5756014515672294
0.5729598407258113,0.5748265731251347
0.5618484782416592,0.5761734823159944
