0.7596631943655525,0.13069621582120394
0.5575747745822132,0.5863600035443524
0.48197415386754333,0.5598847858137039
0.5549653902332059,0.5883774143506786
0.554914662533783,0.588404331713735
0.5482278477527069,0.5809273996312343
0.5569686795223796,0.5841245827018382
0.6038575291961558,0.1308794667597118
0.5578149836076502,0.5853063018796876
0.5540712554227004,0.582643690064445
0.5559070558106337,0.5878347457684238
0.5576147252162986,0.5862944287067655
0.2290535113168368,0.13800964434546573
0.5542068423899398,0.5887619705889711
0.5041646804686393,0.5700542280030662
0.5577378948124809,0.5860438252474347
0.5556162351041065,0.5833014721752968
0.42908204581670295,0.5132089291551376
0.5560063587034411,0.5877714768291309
0.5542964397430223,0.5887183612771947
0.5499159548360412,0.581357826047522
0.2539275447023687,0.2814536912782124
0.5535453116384879,0.5890717576178224
0.5540779404261303,0.5888239679232111
0.547602601647948,0.5807756469517391
