0.5581047146585223,0.42058123026356964
0.5190408377106727,0.526582008142663
0.5417341119037802,0.4682713172249007
0.5157565349672478,0.5338437907261213
0.5157147634312372,0.5339340840986632
0.5287745538783647,0.503198078539478
0.5229896893405472,0.5174263539341811
0.5569564809292091,0.4239713520726589
0.5208683832814323,0.5224021209073664
0.5257019661235294,0.5108732247294114
0.5166103767332851,0.5319867771462428
0.5191524902802048,0.5263294908411749
0.5514987637958659,0.44005386749186254
0.5151649881234925,0.5351176612768299
0.5391115379233158,0.47562578816459167
0.5195818314560837,0.5253550195064547
0.5244951921422216,0.513815104251188
0.544640915002624,0.45998967026202786
0.5167113709407922,0.5317656929606538
0.5152315055549461,0.534974935814283
0.5280230426784588,0.5050993655111277
0.5465851374151341,0.4543862764287182
0.514696626711439,0.5361189154254861
0.5150706721451481,0.5353198093675148
0.5290350549928498,0.502535461635699
