0.7395277772258054,0.13099964508274956
0.6413628837075578,0.5716794623259968
0.08622816228421466,0.4775696537902179
0.6345319356079271,0.5763806204618502
0.6344052184208778,0.5764332216440399
0.6258885090508196,0.5736298229621666
0.6416319886105927,0.5686132978311528
0.5436706025746556,0.13288938657749086
0.6425517001666674,0.5695067927173916
0.6367603859117831,0.5701160171346601
0.6369004454560676,0.5752444951282983
0.6414882418650597,0.5715223646295846
0.08053546551198688,0.1738132074243056
0.6326426251300415,0.5770991199219948
0.24212734144950035,0.7749414354998608
0.6419060918770882,0.5709406217787831
0.6394530655448141,0.5691563809877583
0.1076173076288481,0.897210196072203
0.63715275279694,0.5751029508494624
0.632865272524529,0.5770211173091444
0.6291036935861546,0.5726710824512438
0.3182650827661156,0.12579806163181814
0.6310013983199544,0.5776297610624905
0.6323224864833725,0.5772085549794153
0.6246846442943987,0.5739789162626179
