0.7509964986129406,0.1292726862870296
0.5814404690155779,0.5710035425970794
0.40032569854992495,0.6395691464343156
0.5723683196603602,0.5750469043554998
0.5722026070401581,0.5751167678854376
0.5608147291751662,0.576438609648629
0.5817915229849613,0.5699688436152904
0.5669683571640786,0.13137078106311403
0.5830546946857387,0.5699983447040409
0.5751893361663559,0.5717691802148808
0.5754806178457563,0.5737204205350189
0.5816101571594121,0.5709164592492916
0.142975024977597,0.14408218282412502
0.5699051592805358,0.5760795718076512
0.4514838761890556,0.6181092119702729
0.5821767864847487,0.5706126130607998
0.5788238409893882,0.5707079300006299
0.31087210102546287,0.674778726232321
0.5758139628865881,0.5735763172067407
0.5701946166005095,0.5759587980104908
0.5650170768901637,0.5750274940486347
0.2716036551420173,0.19518893241144275
0.567777788579316,0.5769634279990857
0.5694893232853266,0.5762528430946083
0.5592530128598594,0.5769697689097731
