0.5967627975012054,0.28893870030945895
0.5127249113223213,0.5542445525360572
0.5433256281504777,0.4485847047873388
0.5090331366574531,0.5634301334499983
0.5089861156431855,0.5635414416944887
0.5240124438207917,0.5204251007755741
0.51719500100742,0.5418889459196802
0.5912814056846037,0.30068436837850876
0.5147847068191688,0.5487226175615998
0.5203324965968468,0.5323926579080493
0.509993555024615,0.5611259585125347
0.5128504959225795,0.5539161785811904
0.5688093104230568,0.3593820639947491
0.5083668558106281,0.5649944510074677
0.5386069490591372,0.46675708469723975
0.5133336511389289,0.5526428539190141
0.518926672742436,0.5367308605093912
0.5493802954531171,0.42562986911274336
0.5101070814456999,0.5608496939690859
0.5084418220611644,0.564819822490736
0.5230964046856321,0.5234836880497553
0.5540505933258411,0.40850882697276797
0.5078386343460979,0.5662150912125454
0.5082605386789284,0.5652415132518163
0.5243328074020185,0.5193435915993571
