0.5435814635636335,0.4898387265984366
0.522933246531787,0.5068875212182701
0.536736014520727,0.49553866176887057
0.5205589373077126,0.5088225151822917
0.5205282936512409,0.5088474588629373
0.5294685372404424,0.5015364294553835
0.5256835281303006,0.5046401981729169
0.5431748563706256,0.4901787515594175
0.5242214175065837,0.5058357335151205
0.5274967052842486,0.5031549862038764
0.5211829838735094,0.5083143818354909
0.5230126628992475,0.5068227185688989
0.5411014098069094,0.4919097458293862
0.5201240171969138,0.5091764661271464
0.5354050446355182,0.49664105921181523
0.5233171939399913,0.5065741763256513
0.5266980683394341,0.5038095288235291
0.5381303977089726,0.4943817518253603
0.5212564968337131,0.5082545027447039
0.5201730244854708,0.5091365900907815
0.5289946369103906,0.5019257534313695
0.5390169836885936,0.4936450803871368
0.5197782343743591,0.5094577669138294
0.5200544854954473,0.509233039095809
0.5296315152419028,0.5014024893938792
