0.7472657475201304,0.12830569836945316
0.6386887465188008,0.5684019698241439
0.13097893070226085,0.5670517198309045
0.6236005636330353,0.5697846519695486
0.6233226644387235,0.5698002372676032
0.6044965903415737,0.5684213040400498
0.6393509931479178,0.5675989185542756
0.5588853220007827,0.1316342023133751
0.6413657325515149,0.5678229563059263
0.6285451787757576,0.5679398632189967
0.6288045083122032,0.5694421416927202
0.6389689746853234,0.5683586487135481
0.08101106510674473,0.16738828720769758
0.6194615145628213,0.569992243566299
0.3433003797560744,0.5622999962513964
0.6399050070068972,0.5682002031712395
0.6345188025868244,0.5677277183825096
0.11059822236367504,0.9106385876855215
0.6293601276563061,0.5693992510654288
0.6199488345350276,0.5699704078015179
0.6115901712350168,0.5683525319712024
0.32291065383618817,0.12604340875939718
0.6158725117569441,0.5701337300277878
0.6187610021938168,0.5700224918235065
0.6018472267727235,0.568432614905576
