0.74135623551936,0.1302702585761286
0.6400227304962571,0.5722611438476316
0.08623085597653217,0.4785867497703794
0.631422555268116,0.5757966736265384
0.6312643816785406,0.5758377823288684
0.6207782698448661,0.5737400731092992
0.6404243921786453,0.5700469153489752
0.5462285104201442,0.1326772674443049
0.6415548895202556,0.5706883429699335
0.6343222774329232,0.5711334206591503
0.6343861991612892,0.574918969870399
0.6401827124452444,0.5721464978453638
0.08053463586534391,0.17286634125045552
0.6290676786774663,0.5763621206046939
0.3203663697685317,0.6957543723801595
0.6407173364442328,0.5717233355099561
0.6376949352295872,0.5704369560005903
0.10804064434284326,0.8959406343947068
0.6347028018335464,0.5748108878003014
0.6293448281062973,0.5763003165771561
0.6247706393971121,0.5730212168658613
0.3177548468908198,0.12481271796620297
0.6270273596343735,0.576785297586268
0.6286693306965481,0.5764490035303947
0.6192862893368462,0.5740030331876763
