0.5447527806842772,0.48117079404349095
0.5225897045622118,0.5096585267960557
0.5372136807037414,0.4911614844841862
0.520134616737533,0.5126561523410065
0.5201030235266964,0.5126945352504867
0.5294308064443284,0.5011457664745035
0.5254527321338993,0.5061249846614368
0.544298617403329,0.48178176561174507
0.523927988337151,0.5080119485845556
0.5273526013868803,0.5037571995959441
0.5207785025742752,0.5118728326498427
0.5226720779830938,0.5095574352300425
0.5419955911867093,0.48486182462724614
0.5196864322462759,0.5132002043568008
0.535772575803516,0.49303502644518477
0.5229881074477614,0.5091692798166348
0.5265145103087499,0.5048039870757476
0.5387316708699914,0.4891755564083103
0.5208544163223177,0.5117803466979123
0.5197369114529214,0.5131389760742807
0.5289301447509238,0.5017769509105225
0.5397013714081615,0.48790021125967864
0.5193304259702695,0.513631670015793
0.5196148220083053,0.5132870422315573
0.5296031671171567,0.5009281666231359
