0.760408749563528,0.13152738278612114
0.5536300135786504,0.5873418455444165
0.4834478154681055,0.5440414324608494
0.5516731370531004,0.5894258214089196
0.5516336829370593,0.5894516130738875
0.5450529357117038,0.5795909875922196
0.5528584029007347,0.5845903079743876
0.6192977398872472,0.13278067824592174
0.5537095459136894,0.5861120529605003
0.5502329503719384,0.5824393473221342
0.5524005963922881,0.5888955113849518
0.5536559781021851,0.5872684642289252
0.2541180213148385,0.14104942056338993
0.5510810996010581,0.5897899488868371
0.5049995847360473,0.5597315017669067
0.5537304204412767,0.5869843170651792
0.5516191332736651,0.5834299916548892
0.42961223830199896,0.486728464269811
0.5524766180776725,0.58883235161793
0.5511512384950408,0.5897491171518496
0.5465459106352432,0.5803393246456009
0.27902613016194905,0.2982752641450032
0.5505618232763155,0.590076753504043
0.5509801061921613,0.5898478000306969
0.5445000367508112,0.579322272041064
