0.7402725595475248,0.13070759413615393
0.6407799866925591,0.5717607981335033
0.08623283741308858,0.47794375025777164
0.6332026401794796,0.5759924339935717
0.6330627885973741,0.5760408864381058
0.6237622441970889,0.5736173857175423
0.6411188366369823,0.5690718773666013
0.5446674771711886,0.13281341259961227
0.6421194463803943,0.5698473467422828
0.635740484453538,0.5704221316064431
0.6358202633304054,0.5749535810664886
0.6409202401610864,0.571621756702699
0.08053165289583587,0.1733961961855819
0.631119194360417,0.5766573929312878
0.2776080753399994,0.7428320099927521
0.6413885651996372,0.571107828267788
0.6387140102016435,0.5695610588645303
0.10782303421051755,0.8964107151492761
0.6360995666395985,0.5748250764161956
0.6313645424585361,0.5765848627039235
0.6272995503607197,0.5727386282666209
0.3179991118095954,0.12535871283298472
0.6293119060800985,0.5771531661837782
0.630766491013628,0.5767592973519445
0.6224388428427581,0.5739384939740585
