0.7490206758613822,0.1288920189366662
0.6195328454844216,0.5603020718245215
0.2821758691929775,0.6727335886077804
0.6054286051568057,0.5648412981708378
0.6051704553084173,0.5649199082759485
0.5881625683907141,0.5678688148075083
0.6202642077898315,0.5594534888436796
0.5665706287374126,0.1311584589772857
0.6220860191350803,0.5592570582855377
0.6102818633938556,0.5619640210086138
0.6102713764507774,0.5633464503503046
0.6197975552014705,0.5602068456260357
0.08669582134990142,0.16428135264898758
0.6015880484594345,0.5660015362579794
0.39824631338654815,0.6230188167640837
0.6206838003735963,0.5598782943498265
0.6158010160484689,0.5605328428077312
0.12851200763325832,0.8427404799898756
0.6107894937500964,0.5631839014074523
0.6020397561155839,0.5658660443765534
0.5946683367463369,0.5661250232630729
0.3394636541019313,0.13613134868095186
0.5982649532045073,0.5669913328004028
0.6009389384969136,0.5661958238196331
0.5857373808638888,0.5685189291328897
