0.589189662687751,0.3086994493352411
0.5136354977029682,0.5504087879637694
0.543998248031052,0.4497583097686934
0.5099138203235944,0.5595952112349569
0.5098665215991084,0.5597068253040343
0.5250560685780041,0.5171045470720766
0.5181576592773068,0.5381386415085107
0.5847734797872028,0.31947648849309956
0.5157177550332654,0.5449118345345325
0.5213352253393748,0.5287854780041836
0.5108805169268374,0.5572862174425767
0.5137623511929239,0.5500813351679268
0.5664874201704774,0.37136301121030774
0.509243870987052,0.5611644252795418
0.5395064987277074,0.4663415829574575
0.5142505192631399,0.5488122439077514
0.5199115659728587,0.5330494299438227
0.5496025681505847,0.429197763098582
0.5109948600273447,0.5570095728462547
0.5093192210719503,0.5609891869464001
0.5241310662728795,0.5200781192427318
0.5538044590524697,0.414096414796785
0.508713157071334,0.5623897610189206
0.509137022244325,0.5614123769998743
0.5253793081200053,0.5160550798294589
