0.0950920245398773,0.7627627627627628,5
0.07975460122699386,0.4804804804804805,0
0.9355828220858896,0.35435435435435436,0
0.36809815950920244,0.06606606606606606,0
0.9969325153374233,0.948948948948949,5
0.06748466257668712,0.7687687687687688,5
0.7085889570552147,0.14714714714714713,0
0.941717791411043,0.8258258258258259,0
0.6012269938650306,0.6306306306306306,0
0.5766871165644172,0.15315315315315314,0
0.6809815950920245,0.7507507507507507,0
0.2392638036809816,0.06006006006006006,0
0.09815950920245399,0.5435435435435435,0
0.9355828220858896,0.08108108108108109,0
0.941717791411043,0.8648648648648649,5
0.6871165644171779,0.3483483483483483,0
0.2147239263803681,0.9819819819819819,24
0.4539877300613497,0.35435435435435436,0
0.40797546012269936,0.5075075075075075,0
0.7024539877300614,0.5885885885885885,0
0.07975460122699386,0.25225225225225223,0
0.30368098159509205,0.8288288288288288,5
0.3803680981595092,0.1921921921921922,0
0.10736196319018405,0.3963963963963964,0
0.49079754601226994,0.42042042042042044,0
0.05521472392638037,0.8258258258258259,20
0.941717791411043,0.45045045045045046,0
0.07975460122699386,0.8378378378378378,20
0.7147239263803681,0.948948948948949,5
0.9447852760736196,0.7777777777777778,0
0.8251533742331288,0.06606606606606606,0
0.34049079754601225,0.7927927927927928,5
0.8098159509202454,0.7297297297297297,0
0.558282208588957,0.18618618618618618,0
0.6012269938650306,0.46546546546546547,0
0.9877300613496932,0.972972972972973,5
0.5245398773006135,0.975975975975976,5
0.0705521472392638,0.7897897897897898,20
0.9693251533742331,0.30930930930930933,0
0.6809815950920245,0.5675675675675675,0
0.9785276073619632,0.8138138138138138,0
0.0950920245398773,0.1111111111111111,0
0.9539877300613497,0.5075075075075075,0
0.06134969325153374,0.7147147147147147,5
0.7607361963190185,0.22822822822822822,0
0.3619631901840491,0.29429429429429427,0
0.25153374233128833,0.9579579579579579,24
0.6104294478527608,0.4774774774774775,0
0.9355828220858896,0.8708708708708709,5
0.5828220858895705,0.4924924924924925,0
0.941717791411043,0.46546546546546547,0
0.09815950920245399,0.4264264264264264,0
0.08895705521472393,0.4174174174174174,0
0.5858895705521472,0.45345345345345345,0
0.25153374233128833,0.07807807807807808,0
0.6932515337423313,0.36036036036036034,0
0.08895705521472393,0.8498498498498499,20
0.6748466257668712,0.5315315315315315,0
0.5521472392638037,0.6096096096096096,0
0.30368098159509205,0.5285285285285285,0
0.7576687116564417,0.18018018018018017,0
0.754601226993865,0.04804804804804805,0
0.9478527607361963,0.09009009009009009,0
0.2791411042944785,0.8318318318318318,5
0.31901840490797545,0.5585585585585585,0
0.754601226993865,0.16216216216216217,0
0.5122699386503068,0.04504504504504504,0
0.549079754601227,0.1921921921921922,0
0.06134969325153374,0.08108108108108109,0
0.7638036809815951,0.96996996996997,5
0.2883435582822086,0.09309309309309309,0
0.3496932515337423,0.9579579579579579,20
0.9969325153374233,0.978978978978979,5
0.6042944785276073,0.42342342342342343,0
0.07975460122699386,0.8348348348348348,20
0.9294478527607362,0.7237237237237237,0
0.7147239263803681,0.18018018018018017,0
0.5736196319018405,0.46546546546546547,0
0.7576687116564417,0.5645645645645646,0
0.7331288343558282,0.0990990990990991,0
0.5950920245398773,0.4594594594594595,0
0.3834355828220859,0.26426426426426425,0
0.941717791411043,0.15915915915915915,0
0.0736196319018405,0.3933933933933934,0
0.8865030674846626,0.963963963963964,5
0.06748466257668712,0.6276276276276276,5
0.3128834355828221,0.0990990990990991,0
0.07668711656441718,0.16516516516516516,0
0.5398773006134969,0.7057057057057057,0
0.41411042944785276,0.36036036036036034,0
0.7147239263803681,0.2822822822822823,0
0.05214723926380368,0.15315315315315314,0
0.07975460122699386,0.08108108108108109,0
0.3374233128834356,0.5105105105105106,0
0.5613496932515337,0.996996996996997,20
0.9447852760736196,0.7177177177177178,0
0.17791411042944785,0.9669669669669669,24
0.2331288343558282,0.08108108108108109,0
0.39263803680981596,0.33633633633633636,0
0.10736196319018405,0.6216216216216216,5
0.046012269938650305,0.17717717717717718,0
0.06441717791411043,0.7957957957957958,20
0.26993865030674846,0.08708708708708708,0
0.08282208588957055,0.5945945945945946,5
0.3343558282208589,0.7387387387387387,0
0.39570552147239263,0.5555555555555556,0
0.7576687116564417,0.5285285285285285,0
0.34662576687116564,0.23123123123123124,0
0.696319018404908,0.15015015015015015,0
0.6380368098159509,0.43243243243243246,0
0.745398773006135,0.23123123123123124,0
0.24233128834355827,0.0960960960960961,0
0.6717791411042945,0.1891891891891892,0
0.6196319018404908,0.4594594594594595,0
0.803680981595092,0.14414414414414414,0
0.5766871165644172,0.5405405405405406,0
0.48466257668711654,0.4264264264264264,0
0.8006134969325154,0.08108108108108109,0
0.6809815950920245,0.7717717717717718,0
0.7147239263803681,0.16816816816816818,0
0.7361963190184049,0.26426426426426425,0
0.8067484662576687,0.14414414414414414,0
0.5705521472392638,0.48348348348348347,0
0.2791411042944785,0.08708708708708708,0
0.37116564417177916,0.2012012012012012,0
0.7638036809815951,0.960960960960961,5
0.07668711656441718,0.6096096096096096,5
0.7699386503067485,0.5885885885885885,0
0.6104294478527608,0.4084084084084084,0
0.8006134969325154,0.7057057057057057,0
0.5,0.6096096096096096,0
0.6441717791411042,0.0990990990990991,0
0.40797546012269936,0.5195195195195195,0
0.07668711656441718,0.08408408408408409,0
0.22085889570552147,0.0990990990990991,0
0.7914110429447853,0.07207207207207207,0
0.3803680981595092,0.7897897897897898,5
0.6042944785276073,0.4144144144144144,0
0.08895705521472393,0.17117117117117117,0
0.29754601226993865,0.1921921921921922,0
0.05828220858895705,0.2552552552552553,0
0.4754601226993865,0.17717717717717718,0
0.8159509202453987,0.15615615615615616,0
0.0736196319018405,0.8918918918918919,24
0.4662576687116564,0.15015015015015015,0
0.5736196319018405,0.1831831831831832,0
0.049079754601226995,0.978978978978979,24
0.7331288343558282,0.5705705705705706,0
0.08895705521472393,0.3993993993993994,0
0.49693251533742333,0.3963963963963964,0
0.0736196319018405,0.2012012012012012,0
0.745398773006135,0.5675675675675675,0
0.9815950920245399,0.7897897897897898,0
0.7883435582822086,0.5555555555555556,0
0.08895705521472393,0.6336336336336337,5
0.046012269938650305,0.08408408408408409,0
0.34355828220858897,0.96996996996997,20
0.20552147239263804,0.07207207207207207,0
0.11042944785276074,0.6726726726726727,5
0.5030674846625767,0.46546546546546547,0
0.43558282208588955,0.7507507507507507,0
0.7024539877300614,0.7717717717717718,0
0.4325153374233129,0.963963963963964,20
0.10122699386503067,0.7837837837837838,5
0.4938650306748466,0.0960960960960961,0
0.5552147239263804,0.6936936936936937,0
0.9785276073619632,0.19519519519519518,0
0.9539877300613497,0.22522522522522523,0
0.5398773006134969,0.45645645645645644,0
0.4539877300613497,0.93993993993994,5
0.7791411042944786,0.1921921921921922,0
0.07668711656441718,0.8228228228228228,20
0.3343558282208589,0.24924924924924924,0
0.7760736196319018,0.1981981981981982,0
0.7116564417177914,0.35435435435435436,0
0.10429447852760736,0.23123123123123124,0
0.9631901840490797,0.057057057057057055,0
0.9447852760736196,0.32432432432432434,0
0.39263803680981596,0.14714714714714713,0
0.7300613496932515,0.7807807807807807,0
0.3588957055214724,0.5795795795795796,0
0.696319018404908,0.5885885885885885,0
0.08895705521472393,0.45645645645645644,0
0.9478527607361963,0.07807807807807808,0
0.07975460122699386,0.8528528528528528,20
0.5950920245398773,0.14714714714714713,0
0.7668711656441718,0.7537537537537538,0
0.5552147239263804,0.1891891891891892,0
0.8220858895705522,0.17117117117117117,0
0.6625766871165644,0.963963963963964,5
0.37116564417177916,0.2732732732732733,0
0.2822085889570552,0.07507507507507508,0
0.6687116564417178,0.9519519519519519,5
0.9478527607361963,0.8738738738738738,5
0.6901840490797546,0.5615615615615616,0
0.5674846625766872,0.5195195195195195,0
0.941717791411043,0.5345345345345346,0
0.6901840490797546,0.5555555555555556,0
0.0705521472392638,0.26426426426426425,0
0.12883435582822086,0.975975975975976,24
0.5122699386503068,0.4774774774774775,0
0.7791411042944786,0.15915915915915915,0
0.6134969325153374,0.9669669669669669,5
0.5,0.6366366366366366,0
0.05214723926380368,0.1921921921921922,0
0.48773006134969327,0.46546546546546547,0
0.30368098159509205,0.1921921921921922,0
0.49693251533742333,0.6126126126126126,0
0.9447852760736196,0.4174174174174174,0
0.6380368098159509,0.17717717717717718,0
0.9601226993865031,0.43243243243243246,0
0.6441717791411042,0.15615615615615616,0
0.7668711656441718,0.5795795795795796,0
0.3343558282208589,0.2072072072072072,0
0.7116564417177914,0.7327327327327328,0
0.9693251533742331,0.32732732732732733,0
0.8312883435582822,0.960960960960961,5
0.7852760736196319,0.7627627627627628,0
0.7331288343558282,0.15015015015015015,0
0.9570552147239264,0.5615615615615616,0
0.9785276073619632,0.48348348348348347,0
0.06441717791411043,0.16516516516516516,0
0.5736196319018405,0.5375375375375375,0
0.40797546012269936,0.3633633633633634,0
0.07668711656441718,0.45645645645645644,0
0.8220858895705522,0.8138138138138138,0
0.5030674846625767,0.1891891891891892,0
0.6134969325153374,0.42042042042042044,0
0.9785276073619632,0.06906906906906907,0
0.35276073619631904,0.27927927927927926,0
0.7331288343558282,0.18018018018018017,0
0.7269938650306749,0.7867867867867868,0
0.07975460122699386,0.6996996996996997,5
0.13496932515337423,0.9099099099099099,24
0.10122699386503067,0.6516516516516516,5
0.4570552147239264,0.05405405405405406,0
0.6319018404907976,0.0960960960960961,0
0.46319018404907975,0.3483483483483483,0
0.7791411042944786,0.5105105105105106,0
0.5736196319018405,0.15315315315315314,0
0.5030674846625767,0.17717717717717718,0
0.6595092024539877,0.3933933933933934,0
0.6779141104294478,0.07207207207207207,0
0.9325153374233128,0.6936936936936937,0
0.9447852760736196,0.7717717717717718,0
0.4171779141104294,0.3123123123123123,0
0.37423312883435583,0.09309309309309309,0
0.598159509202454,0.984984984984985,5
0.6993865030674846,0.2672672672672673,0
0.7699386503067485,0.9669669669669669,5
0.06748466257668712,0.7657657657657657,5
0.6748466257668712,0.8018018018018018,0
0.4294478527607362,0.37237237237237236,0
0.5705521472392638,0.6066066066066066,0
0.9969325153374233,0.9459459459459459,5
0.5644171779141104,0.6756756756756757,0
0.3282208588957055,0.05105105105105105,0
0.5705521472392638,0.6186186186186187,0
0.3803680981595092,0.3153153153153153,0
0.9478527607361963,0.27927927927927926,0
0.08588957055214724,0.5225225225225225,0
0.10736196319018405,0.43543543543543545,0
0.06134969325153374,0.23123123123123124,0
0.9938650306748467,0.8678678678678678,5
0.7423312883435583,0.08108108108108109,0
0.8067484662576687,0.954954954954955,5
0.06748466257668712,0.990990990990991,24
0.8128834355828221,0.21621621621621623,0
0.4447852760736196,0.18018018018018017,0
0.7760736196319018,0.18018018018018017,0
0.7944785276073619,0.975975975975976,5
0.46932515337423314,0.35735735735735735,0
0.8957055214723927,0.93993993993994,5
0.7208588957055214,0.7717717717717718,0
0.9386503067484663,0.21921921921921922,0
0.7484662576687117,0.06006006006006006,0
0.6134969325153374,0.09009009009009009,0
0.6042944785276073,0.4594594594594595,0
0.9570552147239264,0.06006006006006006,0
0.7791411042944786,0.5405405405405406,0
0.10736196319018405,0.8018018018018018,20
0.4386503067484663,0.987987987987988,20
0.9355828220858896,0.7177177177177178,0
0.6380368098159509,0.954954954954955,5
0.4386503067484663,0.3123123123123123,0
0.7576687116564417,0.13213213213213212,0
0.4263803680981595,0.38738738738738737,0
0.549079754601227,0.996996996996997,20
0.9723926380368099,0.6606606606606606,0
0.0736196319018405,0.5015015015015015,0
0.5613496932515337,0.6936936936936937,0
0.5460122699386503,0.993993993993994,20
0.7116564417177914,0.36036036036036034,0
0.5122699386503068,0.07507507507507508,0
0.9723926380368099,0.933933933933934,5
0.9294478527607362,0.5825825825825826,0
0.10429447852760736,0.7657657657657657,5
0.950920245398773,0.933933933933934,5
0.6380368098159509,0.8348348348348348,0
0.08588957055214724,0.5345345345345346,0
0.46932515337423314,0.1831831831831832,0
0.6871165644171779,0.6966966966966966,0
0.9294478527607362,0.37237237237237236,0
0.09202453987730061,0.4804804804804805,0
0.6165644171779141,0.16216216216216217,0
0.36503067484662577,0.972972972972973,20
0.5276073619631901,0.4624624624624625,0
0.941717791411043,0.5015015015015015,0
0.4233128834355828,0.15015015015015015,0
0.046012269938650305,0.918918918918919,24
0.06134969325153374,0.2012012012012012,0
0.34662576687116564,0.5795795795795796,0
0.09202453987730061,0.39039039039039036,0
0.08282208588957055,0.1021021021021021,0
0.29754601226993865,0.9819819819819819,24
0.9355828220858896,0.984984984984985,5
0.37116564417177916,0.15915915915915915,0
0.3343558282208589,0.17117117117117117,0
0.8558282208588958,0.9459459459459459,5
0.48773006134969327,0.978978978978979,20
0.3312883435582822,0.23723723723723725,0
0.3558282208588957,0.08708708708708708,0
0.7607361963190185,0.06606606606606606,0
0.5552147239263804,0.6786786786786787,0
0.2085889570552147,0.06906906906906907,0
0.2883435582822086,0.972972972972973,20
0.5,0.6396396396396397,0
0.9723926380368099,0.35735735735735735,0
0.5766871165644172,0.975975975975976,5
0.35276073619631904,0.5075075075075075,0
0.4570552147239264,0.3633633633633634,0
0.7975460122699386,0.7657657657657657,0
0.5061349693251533,0.6336336336336337,0
0.07668711656441718,0.5255255255255256,0
0.05214723926380368,0.3183183183183183,0
0.5521472392638037,0.47147147147147145,0
0.6441717791411042,0.36936936936936937,0
0.6441717791411042,0.990990990990991,5
0.6993865030674846,0.5795795795795796,0
0.7668711656441718,0.07507507507507508,0
0.9631901840490797,0.06906906906906907,0
0.6625766871165644,0.3183183183183183,0
0.696319018404908,0.96996996996997,5
0.0736196319018405,0.5795795795795796,5
0.6625766871165644,0.3333333333333333,0
0.9754601226993865,0.8168168168168168,0
0.9754601226993865,0.2912912912912913,0
0.9355828220858896,0.6696696696696697,0
0.08282208588957055,0.1831831831831832,0
0.1687116564417178,0.990990990990991,24
0.7914110429447853,0.25225225225225223,0
0.23006134969325154,0.993993993993994,24
0.30368098159509205,0.9579579579579579,20
0.9723926380368099,0.44144144144144143,0
0.7085889570552147,0.5915915915915916,0
0.9478527607361963,0.6966966966966966,0
0.598159509202454,0.6636636636636637,0
0.5245398773006135,0.4624624624624625,0
0.10122699386503067,0.3003003003003003,0
0.9601226993865031,0.6336336336336337,0
0.9325153374233128,0.5645645645645646,0
0.4233128834355828,0.18618618618618618,0
0.06134969325153374,0.44744744744744747,0
0.6748466257668712,0.05405405405405406,0
0.950920245398773,0.4924924924924925,0
0.9785276073619632,0.8948948948948949,5
0.10122699386503067,0.8378378378378378,20
0.7085889570552147,0.5165165165165165,0
0.5766871165644172,0.6846846846846847,0
0.9693251533742331,0.5075075075075075,0
0.7392638036809815,0.15315315315315314,0
0.7576687116564417,0.05405405405405406,0
0.34355828220858897,0.06606606606606606,0
0.19631901840490798,0.972972972972973,24
0.6901840490797546,0.30930930930930933,0
0.39570552147239263,0.96996996996997,20
0.6993865030674846,0.2702702702702703,0
0.401840490797546,0.993993993993994,20
0.08282208588957055,0.7117117117117117,5
0.6625766871165644,0.4174174174174174,0
0.37116564417177916,0.960960960960961,20
0.5950920245398773,0.4294294294294294,0
0.9539877300613497,0.5225225225225225,0
0.6503067484662577,0.1921921921921922,0
0.5705521472392638,0.6156156156156156,0
0.03067484662576687,0.9219219219219219,24
0.3159509202453988,0.06306306306306306,0
0.08588957055214724,0.8258258258258259,20
0.5030674846625767,0.48348348348348347,0
0.3098159509202454,0.4984984984984985,0
0.5276073619631901,0.07207207207207207,0
0.5521472392638037,0.4954954954954955,0
0.27300613496932513,0.960960960960961,20
0.549079754601227,0.6786786786786787,0
0.6993865030674846,0.32732732732732733,0
0.6871165644171779,0.4924924924924925,0
0.11042944785276074,0.9129129129129129,24
0.9386503067484663,0.34234234234234234,0
0.4754601226993865,0.3813813813813814,0
0.9325153374233128,0.24324324324324326,0
0.06134969325153374,0.963963963963964,24
0.3773006134969325,0.5675675675675675,0
0.49079754601226994,0.6336336336336337,0
0.5858895705521472,0.48348348348348347,0
0.147239263803681,0.9159159159159159,24
0.7699386503067485,0.5225225225225225,0
0.950920245398773,0.8438438438438438,5
0.2361963190184049,0.9669669669669669,24
0.42024539877300615,0.5135135135135135,0
0.38650306748466257,0.975975975975976,20
0.5644171779141104,0.6996996996996997,0
0.6748466257668712,0.16816816816816818,0
0.6840490797546013,0.5645645645645646,0
0.9539877300613497,0.5645645645645646,0
0.16257668711656442,0.9669669669669669,24
0.9478527607361963,0.9369369369369369,5
0.07975460122699386,0.8918918918918919,24
0.9662576687116564,0.7807807807807807,0
0.50920245398773,0.5075075075075075,0
0.9570552147239264,0.30930930930930933,0
0.009202453987730062,0.9219219219219219,24
0.12576687116564417,0.972972972972973,24
0.5705521472392638,0.15315315315315314,0
0.13803680981595093,0.9519519519519519,24
0.3588957055214724,0.5855855855855856,0
0.6226993865030674,0.993993993993994,5
0.5705521472392638,0.4594594594594595,0
0.5920245398773006,0.993993993993994,5
0.4815950920245399,0.42042042042042044,0
0.0950920245398773,0.978978978978979,24
0.8067484662576687,0.22522522522522523,0
0.08282208588957055,0.26426426426426425,0
0.7668711656441718,0.5855855855855856,0
0.8619631901840491,0.975975975975976,5
0.06134969325153374,0.8498498498498499,24
0.07975460122699386,0.06906906906906907,0
0.5644171779141104,0.5015015015015015,0
0.05828220858895705,0.7057057057057057,5
0.6441717791411042,0.3663663663663664,0
0.9723926380368099,0.06306306306306306,0
0.5950920245398773,0.5165165165165165,0
0.9662576687116564,0.4864864864864865,0
0.10736196319018405,0.7897897897897898,5
0.5613496932515337,0.6756756756756757,0
0.39263803680981596,0.34234234234234234,0
0.7392638036809815,0.5135135135135135,0
0.3496932515337423,0.25825825825825827,0
0.41411042944785276,0.2702702702702703,0
0.5,0.6666666666666666,0
0.10736196319018405,0.7507507507507507,5
0.9601226993865031,0.8948948948948949,5
0.9631901840490797,0.5195195195195195,0
0.401840490797546,0.987987987987988,20
0.754601226993865,0.14714714714714713,0
0.6687116564417178,0.4174174174174174,0
0.34662576687116564,0.27627627627627627,0
0.4662576687116564,0.987987987987988,20
0.4110429447852761,0.960960960960961,20
0.09815950920245399,0.9819819819819819,24
0.37423312883435583,0.06606606606606606,0
0.6901840490797546,0.5225225225225225,0
0.9662576687116564,0.3843843843843844,0
0.5,0.4894894894894895,0
0.647239263803681,0.15315315315315314,0
0.12883435582822086,0.9519519519519519,24
0.4263803680981595,0.3993993993993994,0
0.9478527607361963,0.7387387387387387,0
0.4815950920245399,0.16216216216216217,0
0.4233128834355828,0.978978978978979,20
0.9631901840490797,0.3963963963963964,0
0.05521472392638037,0.15015015015015015,0
0.09815950920245399,0.13813813813813813,0
0.9662576687116564,0.6486486486486487,0
0.6257668711656442,0.14114114114114115,0
0.7300613496932515,0.25225225225225223,0
0.5705521472392638,0.05105105105105105,0
0.10736196319018405,0.21921921921921922,0
0.10429447852760736,0.4114114114114114,0
0.10429447852760736,0.17117117117117117,0
0.0736196319018405,0.6606606606606606,5
0.6625766871165644,0.3783783783783784,0
0.5920245398773006,0.16816816816816818,0
0.50920245398773,0.6546546546546547,0
0.9693251533742331,0.42342342342342343,0
0.09202453987730061,0.8078078078078078,20
0.7177914110429447,0.7897897897897898,0
0.44785276073619634,0.963963963963964,5
0.09815950920245399,0.9669669669669669,24
0.950920245398773,0.5885885885885885,0
0.5398773006134969,0.6786786786786787,0
0.5429447852760736,0.15015015015015015,0
0.36809815950920244,0.24924924924924924,0
0.07975460122699386,0.5795795795795796,0
0.656441717791411,0.32432432432432434,0
0.5,0.6276276276276276,0
0.9662576687116564,0.6276276276276276,0
0.05214723926380368,0.4864864864864865,0
0.5674846625766872,0.5015015015015015,0
0.10122699386503067,0.7447447447447447,5
0.7576687116564417,0.954954954954955,5
0.6595092024539877,0.8108108108108109,0
0.549079754601227,0.15315315315315314,0
0.37423312883435583,0.6006006006006006,0
0.37116564417177916,0.4954954954954955,0
0.7975460122699386,0.2012012012012012,0
0.15950920245398773,0.990990990990991,24
0.22699386503067484,0.9819819819819819,24
0.5429447852760736,0.6126126126126126,0
0.9785276073619632,0.6786786786786787,0
0.5030674846625767,0.6336336336336337,0
0.4110429447852761,0.5585585585585585,0
0.9601226993865031,0.5225225225225225,0
0.9693251533742331,0.6336336336336337,0
0.3128834355828221,0.8018018018018018,5
0.3803680981595092,0.5675675675675675,0
0.10736196319018405,0.44744744744744747,0
0.9662576687116564,0.1891891891891892,0
0.4723926380368098,0.3933933933933934,0
0.5153374233128835,0.5225225225225225,0
0.0736196319018405,0.21921921921921922,0
0.32515337423312884,0.08708708708708708,0
0.40797546012269936,0.6726726726726727,0
0.31901840490797545,0.8348348348348348,5
0.09815950920245399,0.43543543543543545,0
0.6104294478527608,0.43243243243243246,0
0.4815950920245399,0.14114114114114115,0
0.8466257668711656,0.9579579579579579,5
0.7730061349693251,0.9669669669669669,5
0.3128834355828221,0.5045045045045045,0
0.5429447852760736,0.06306306306306306,0
0.3895705521472393,0.5975975975975976,0
0.37423312883435583,0.17117117117117117,0
0.3895705521472393,0.3123123123123123,0
0.9386503067484663,0.9279279279279279,5
0.950920245398773,0.8858858858858859,5
0.7515337423312883,0.24324324324324326,0
0.9693251533742331,0.39039039039039036,0
0.6717791411042945,0.34534534534534533,0
0.9785276073619632,0.924924924924925,5
0.754601226993865,0.24924924924924924,0
0.5552147239263804,0.07507507507507508,0
0.6042944785276073,0.07807807807807808,0
0.8343558282208589,0.96996996996997,5
0.9631901840490797,0.23423423423423423,0
0.31901840490797545,0.16516516516516516,0
0.36809815950920244,0.5735735735735735,0
0.22085889570552147,0.975975975975976,24
0.08895705521472393,0.33633633633633636,0
0.9754601226993865,0.5885885885885885,0
0.6809815950920245,0.993993993993994,5
0.5398773006134969,0.6936936936936937,0
0.8773006134969326,0.963963963963964,5
0.6656441717791411,0.18618618618618618,0
0.06441717791411043,0.5555555555555556,0
0.7085889570552147,0.2852852852852853,0
0.5153374233128835,0.4954954954954955,0
0.39570552147239263,0.3183183183183183,0
0.4049079754601227,0.5465465465465466,0
0.6656441717791411,0.3213213213213213,0
0.9478527607361963,0.6546546546546547,0
0.07975460122699386,0.9669669669669669,24
0.5858895705521472,0.9819819819819819,5
0.7147239263803681,0.5795795795795796,0
0.9570552147239264,0.3933933933933934,0
0.5276073619631901,0.6756756756756757,0
0.7392638036809815,0.5915915915915916,0
0.05828220858895705,0.5435435435435435,0
0.06134969325153374,0.5495495495495496,0
0.5276073619631901,0.15915915915915915,0
0.9447852760736196,0.4894894894894895,0
0.7300613496932515,0.5825825825825826,0
0.10429447852760736,0.5435435435435435,0
0.7822085889570553,0.057057057057057055,0
0.7484662576687117,0.5975975975975976,0
0.5521472392638037,0.04504504504504504,0
0.10122699386503067,0.3933933933933934,0
0.9570552147239264,0.45345345345345345,0
0.5337423312883436,0.08108108108108109,0
0.9815950920245399,0.9519519519519519,5
0.9815950920245399,0.948948948948949,5
0.3343558282208589,0.5195195195195195,0
0.5030674846625767,0.4024024024024024,0
0.34049079754601225,0.5735735735735735,0
0.5122699386503068,0.43843843843843844,0
0.3588957055214724,0.6816816816816816,0
0.5766871165644172,0.990990990990991,5
0.7791411042944786,0.5645645645645646,0
0.3987730061349693,0.7597597597597597,0
0.6380368098159509,0.18618618618618618,0
0.12576687116564417,0.948948948948949,24
0.7944785276073619,0.19519519519519518,0
0.5797546012269938,0.6186186186186187,0
0.48773006134969327,0.6216216216216216,0
0.6687116564417178,0.1831831831831832,0
0.6779141104294478,0.3993993993993994,0
0.26993865030674846,0.972972972972973,24
0.3282208588957055,0.18618618618618618,0
0.38650306748466257,0.06906906906906907,0
0.09815950920245399,0.1111111111111111,0
0.11042944785276074,0.8828828828828829,24
0.4325153374233129,0.7957957957957958,0
0.745398773006135,0.5795795795795796,0
0.4570552147239264,0.96996996996997,20
0.3987730061349693,0.5195195195195195,0
0.46932515337423314,0.07807807807807808,0
0.4723926380368098,0.1831831831831832,0
0.3282208588957055,0.6876876876876877,0
0.6012269938650306,0.6696696696696697,0
0.6196319018404908,0.43843843843843844,0
0.9325153374233128,0.7627627627627628,0
0.7638036809815951,0.5945945945945946,0
0.5828220858895705,0.6816816816816816,0
0.43558282208588955,0.17117117117117117,0
0.9570552147239264,0.7687687687687688,0
0.5766871165644172,0.6096096096096096,0
0.0705521472392638,0.5375375375375375,0
0.9539877300613497,0.5105105105105106,0
0.07668711656441718,0.990990990990991,24
0.6809815950920245,0.07507507507507508,0
0.7208588957055214,0.05405405405405406,0
0.8220858895705522,0.9669669669669669,5
0.7699386503067485,0.15615615615615616,0
0.4447852760736196,0.4144144144144144,0
0.06748466257668712,0.3843843843843844,0
0.6257668711656442,0.15915915915915915,0
0.06134969325153374,0.2822822822822823,0
0.7269938650306749,0.5105105105105106,0
0.38650306748466257,0.2972972972972973,0
0.05828220858895705,0.0960960960960961,0
0.3312883435582822,0.4924924924924925,0
0.5828220858895705,0.0990990990990991,0
0.06134969325153374,0.38738738738738737,0
0.018404907975460124,0.9159159159159159,24
0.5368098159509203,0.14114114114114115,0
0.4539877300613497,0.32432432432432434,0
0.7361963190184049,0.06306306306306306,0
0.8098159509202454,0.0990990990990991,0
0.29754601226993865,0.07507507507507508,0
0.7638036809815951,0.4954954954954955,0
0.5122699386503068,0.6756756756756757,0
0.5766871165644172,0.48348348348348347,0
0.9570552147239264,0.25225225225225223,0
0.6411042944785276,0.13513513513513514,0
0.5306748466257669,0.5975975975975976,0
0.27607361963190186,0.09009009009009009,0
0.7484662576687117,0.09009009009009009,0
0.8803680981595092,0.9669669669669669,5
0.9662576687116564,0.7627627627627628,0
0.049079754601226995,0.12912912912912913,0
0.5736196319018405,0.972972972972973,5
0.37423312883435583,0.2552552552552553,0
0.7484662576687117,0.7207207207207207,0
0.07975460122699386,0.2222222222222222,0
0.0950920245398773,0.5555555555555556,0
0.9355828220858896,0.5165165165165165,0
0.5153374233128835,0.15315315315315314,0
0.46319018404907975,0.17417417417417416,0
0.09202453987730061,0.22522522522522523,0
0.26993865030674846,0.06006006006006006,0
0.5705521472392638,0.948948948948949,5
0.8128834355828221,0.0960960960960961,0
0.0736196319018405,0.6666666666666666,5
0.7024539877300614,0.5465465465465466,0
0.06441717791411043,0.18018018018018017,0
0.10122699386503067,0.5015015015015015,0
0.34049079754601225,0.5675675675675675,0
0.9447852760736196,0.25225225225225223,0
0.6073619631901841,0.4894894894894895,0
0.9754601226993865,0.7687687687687688,0
0.9785276073619632,0.3303303303303303,0
0.9877300613496932,0.933933933933934,5
0.0950920245398773,0.5075075075075075,0
0.3312883435582822,0.16216216216216217,0
0.2822085889570552,0.963963963963964,20
0.9723926380368099,0.8318318318318318,5
0.9355828220858896,0.8828828828828829,5
0.6748466257668712,0.34534534534534533,0
0.9601226993865031,0.2732732732732733,0
0.7515337423312883,0.3063063063063063,0
0.42024539877300615,0.5075075075075075,0
0.5766871165644172,0.5135135135135135,0
0.7576687116564417,0.06606606606606606,0
0.9631901840490797,0.2732732732732733,0
0.3128834355828221,0.5615615615615616,0
0.09815950920245399,0.2132132132132132,0
0.19631901840490798,0.08708708708708708,0
0.4294478527607362,0.7657657657657657,0
0.8404907975460123,0.978978978978979,5
0.7239263803680982,0.5165165165165165,0
0.5398773006134969,0.14114114114114115,0
0.10736196319018405,0.9129129129129129,24
0.35276073619631904,0.96996996996997,20
0.08895705521472393,0.46546546546546547,0
0.9386503067484663,0.30930930930930933,0
0.37423312883435583,0.5885885885885885,0
0.9662576687116564,0.46546546546546547,0
0.9815950920245399,0.1921921921921922,0
0.9785276073619632,0.7297297297297297,0
0.6993865030674846,0.32432432432432434,0
0.7239263803680982,0.5765765765765766,0
0.9570552147239264,0.7207207207207207,0
0.4662576687116564,0.4264264264264264,0
0.6165644171779141,0.948948948948949,5
0.8496932515337423,0.984984984984985,5
0.07668711656441718,0.7717717717717718,5
0.7944785276073619,0.978978978978979,5
0.1165644171779141,0.9129129129129129,24
0.44171779141104295,0.15915915915915915,0
0.8190184049079755,0.9669669669669669,5
0.8098159509202454,0.987987987987988,5
0.08588957055214724,0.7267267267267268,5
0.6901840490797546,0.16816816816816818,0
0.6104294478527608,0.43843843843843844,0
0.8098159509202454,0.09009009009009009,0
0.7239263803680982,0.6006006006006006,0
0.3128834355828221,0.984984984984985,20
0.07975460122699386,0.8258258258258259,20
0.745398773006135,0.4954954954954955,0
0.9539877300613497,0.6606606606606606,0
0.9539877300613497,0.34534534534534533,0
0.598159509202454,0.15915915915915915,0
0.7331288343558282,0.15915915915915915,0
0.5368098159509203,0.5315315315315315,0
0.6319018404907976,0.4594594594594595,0
0.4447852760736196,0.3063063063063063,0
0.06134969325153374,0.3123123123123123,0
0.07668711656441718,0.5735735735735735,0
0.3128834355828221,0.7867867867867868,5
0.9754601226993865,0.4894894894894895,0
0.401840490797546,0.5705705705705706,0
0.401840490797546,0.5885885885885885,0
0.06748466257668712,0.7927927927927928,20
0.9447852760736196,0.8528528528528528,5
0.5398773006134969,0.15915915915915915,0
0.401840490797546,0.5645645645645646,0
0.9386503067484663,0.5075075075075075,0
0.745398773006135,0.7717717717717718,0
0.7024539877300614,0.972972972972973,5
0.0736196319018405,0.1021021021021021,0
0.7730061349693251,0.993993993993994,5
0.7392638036809815,0.7597597597597597,0
0.40797546012269936,0.5135135135135135,0
0.3773006134969325,0.972972972972973,20
0.7177914110429447,0.1831831831831832,0
0.9355828220858896,0.8018018018018018,0
0.7208588957055214,0.5135135135135135,0
0.0736196319018405,0.057057057057057055,0
0.27607361963190186,0.16816816816816818,0
0.07668711656441718,0.06306306306306306,0
0.6441717791411042,0.93993993993994,5
0.5122699386503068,0.06906906906906907,0
0.3098159509202454,0.5735735735735735,0
0.9570552147239264,0.6936936936936937,0
0.03067484662576687,0.918918918918919,24
0.1441717791411043,0.990990990990991,24
0.4171779141104294,0.15915915915915915,0
0.7269938650306749,0.9669669669669669,5
0.05828220858895705,0.7507507507507507,5
0.6012269938650306,0.6276276276276276,0
0.06441717791411043,0.4294294294294294,0
0.2147239263803681,0.96996996996997,24
0.7852760736196319,0.990990990990991,5
0.1441717791411043,0.993993993993994,24
0.7944785276073619,0.954954954954955,5
0.5950920245398773,0.15615615615615616,0
0.08588957055214724,0.27927927927927926,0
0.598159509202454,0.17717717717717718,0
0.9877300613496932,0.9099099099099099,5
0.46319018404907975,0.40540540540540543,0
0.37116564417177916,0.18618618618618618,0
0.09815950920245399,0.4924924924924925,0
0.6441717791411042,0.16816816816816818,0
0.9355828220858896,0.6276276276276276,0
0.3987730061349693,0.8018018018018018,5
0.4539877300613497,0.7627627627627628,0
0.647239263803681,0.09309309309309309,0
0.6257668711656442,0.93993993993994,5
0.4815950920245399,0.9369369369369369,5
0.34049079754601225,0.5075075075075075,0
0.3098159509202454,0.18618618618618618,0
0.8588957055214724,0.975975975975976,5
0.8773006134969326,0.9369369369369369,5
0.07975460122699386,0.7567567567567568,5
0.3128834355828221,0.5225225225225225,0
0.6748466257668712,0.5225225225225225,0
0.6104294478527608,0.4894894894894895,0
0.3128834355828221,0.08708708708708708,0
0.696319018404908,0.5645645645645646,0
0.7269938650306749,0.2822822822822823,0
0.10429447852760736,0.33633633633633636,0
0.9846625766871165,0.6366366366366366,0
0.9355828220858896,0.33633633633633636,0
0.401840490797546,0.5555555555555556,0
0.7822085889570553,0.09009009009009009,0
0.6809815950920245,0.5765765765765766,0
0.3343558282208589,0.1891891891891892,0
0.41411042944785276,0.96996996996997,20
0.7607361963190185,0.5855855855855856,0
0.5,0.16216216216216217,0
0.7024539877300614,0.975975975975976,5
0.7392638036809815,0.5885885885885885,0
0.10429447852760736,0.4084084084084084,0
0.7852760736196319,0.5675675675675675,0
0.4815950920245399,0.14414414414414414,0
0.7975460122699386,0.9669669669669669,5
0.5766871165644172,0.6456456456456456,0
0.7914110429447853,0.5225225225225225,0
0.5122699386503068,0.08408408408408409,0
0.5644171779141104,0.5165165165165165,0
0.1656441717791411,0.9099099099099099,20
0.9785276073619632,0.7957957957957958,0
0.4723926380368098,0.3813813813813814,0
0.5214723926380368,0.14414414414414414,0
0.6840490797546013,0.9519519519519519,5
0.49079754601226994,0.18018018018018017,0
0.6226993865030674,0.0960960960960961,0
0.4386503067484663,0.15015015015015015,0
0.7085889570552147,0.9579579579579579,5
0.9325153374233128,0.5405405405405406,0
0.0736196319018405,0.7207207207207207,5
0.9723926380368099,0.6096096096096096,0
0.9294478527607362,0.7207207207207207,0
0.36809815950920244,0.5885885885885885,0
0.9815950920245399,0.8708708708708709,5
0.7147239263803681,0.08708708708708708,0
0.4263803680981595,0.18018018018018017,0
0.4601226993865031,0.17117117117117117,0
0.5736196319018405,0.4954954954954955,0
0.6748466257668712,0.0960960960960961,0
0.23006134969325154,0.9459459459459459,20
0.7239263803680982,0.7687687687687688,0
0.05828220858895705,0.9219219219219219,24
0.6993865030674846,0.5465465465465466,0
0.8067484662576687,0.14714714714714713,0
0.44785276073619634,0.30930930930930933,0
0.6717791411042945,0.33933933933933935,0
0.10122699386503067,0.4744744744744745,0
0.9355828220858896,0.35735735735735735,0
0.30368098159509205,0.7027027027027027,0
0.7392638036809815,0.7117117117117117,0
0.37116564417177916,0.4984984984984985,0
0.5705521472392638,0.7027027027027027,0
0.5460122699386503,0.960960960960961,5
0.7147239263803681,0.30930930930930933,0
0.0950920245398773,0.43843843843843844,0
0.8680981595092024,0.948948948948949,5
0.6134969325153374,0.4624624624624625,0
0.37423312883435583,0.993993993993994,20
0.4785276073619632,0.4114114114114114,0
0.4325153374233129,0.35435435435435436,0
0.7331288343558282,0.3303303303303303,0
0.3588957055214724,0.7237237237237237,0
0.3619631901840491,0.07207207207207207,0
0.9785276073619632,0.5675675675675675,0
0.09815950920245399,0.2852852852852853,0
0.4447852760736196,0.07207207207207207,0
0.9662576687116564,0.32432432432432434,0
0.8006134969325154,0.19519519519519518,0
0.950920245398773,0.06006006006006006,0
0.10429447852760736,0.24324324324324326,0
0.36809815950920244,0.7117117117117117,0
0.9723926380368099,0.25225225225225223,0
0.09202453987730061,0.9129129129129129,24
0.07975460122699386,0.5105105105105106,0
0.3773006134969325,0.5945945945945946,0
0.656441717791411,0.15915915915915915,0
0.7177914110429447,0.06306306306306306,0
0.15950920245398773,0.9219219219219219,24
0.39570552147239263,0.16816816816816818,0
0.10736196319018405,0.6246246246246246,5
0.7269938650306749,0.8618618618618619,5
0.11042944785276074,0.5105105105105106,0
0.7423312883435583,0.0960960960960961,0
0.40797546012269936,0.24924924924924924,0
0.6656441717791411,0.32732732732732733,0
0.31901840490797545,0.06306306306306306,0
0.30368098159509205,0.948948948948949,20
0.07975460122699386,0.6636636636636637,5
0.0950920245398773,0.954954954954955,24
0.9723926380368099,0.33633633633633636,0
0.06441717791411043,0.7207207207207207,5
0.696319018404908,0.6996996996996997,0
0.5153374233128835,0.6816816816816816,0
0.6840490797546013,0.978978978978979,5
0.7208588957055214,0.0990990990990991,0
0.2147239263803681,0.993993993993994,24
0.5061349693251533,0.15015015015015015,0
0.7269938650306749,0.24024024024024024,0
0.3098159509202454,0.7057057057057057,0
0.0736196319018405,0.5285285285285285,0
0.35276073619631904,0.2822822822822823,0
0.7730061349693251,0.8018018018018018,0
0.8312883435582822,0.987987987987988,5
0.3987730061349693,0.3033033033033033,0
0.8895705521472392,0.990990990990991,5
0.6779141104294478,0.08708708708708708,0
0.42024539877300615,0.5465465465465466,0
0.5920245398773006,0.6066066066066066,0
0.3098159509202454,0.5645645645645646,0
0.7576687116564417,0.0960960960960961,0
0.5214723926380368,0.45045045045045046,0
0.6380368098159509,0.96996996996997,5
0.5214723926380368,0.6306306306306306,0
0.6319018404907976,0.42042042042042044,0
0.9846625766871165,0.7567567567567568,0
0.5736196319018405,0.6276276276276276,0
0.8128834355828221,0.2072072072072072,0
0.4754601226993865,0.3783783783783784,0
0.6012269938650306,0.4924924924924925,0
0.5398773006134969,0.5165165165165165,0
0.3834355828220859,0.5585585585585585,0
0.3773006134969325,0.5705705705705706,0
0.9601226993865031,0.5345345345345346,0
0.6840490797546013,0.3063063063063063,0
0.49079754601226994,0.4144144144144144,0
0.10429447852760736,0.7747747747747747,5
0.06441717791411043,0.37537537537537535,0
0.9478527607361963,0.06906906906906907,0
0.7361963190184049,0.7147147147147147,0
0.29754601226993865,0.16816816816816818,0
0.9631901840490797,0.5885885885885885,0
0.2883435582822086,0.16516516516516516,0
0.049079754601226995,0.954954954954955,24
0.07668711656441718,0.24624624624624625,0
0.558282208588957,0.6096096096096096,0
0.4325153374233129,0.960960960960961,20
0.6595092024539877,0.7507507507507507,0
0.8006134969325154,0.2132132132132132,0
0.5306748466257669,0.6846846846846847,0
0.5153374233128835,0.4174174174174174,0
0.5368098159509203,0.15615615615615616,0
0.43558282208588955,0.3183183183183183,0
0.24539877300613497,0.990990990990991,24
0.7791411042944786,0.14114114114114115,0
0.3343558282208589,0.5255255255255256,0
0.08282208588957055,0.7507507507507507,5
0.9355828220858896,0.5555555555555556,0
0.17791411042944785,0.05105105105105105,0
0.7668711656441718,0.5585585585585585,0
0.09202453987730061,0.7717717717717718,5
0.3067484662576687,0.5135135135135135,0
0.5920245398773006,0.6606606606606606,0
0.37423312883435583,0.5705705705705706,0
0.48773006134969327,0.6096096096096096,0
0.7576687116564417,0.6846846846846847,0
0.50920245398773,0.4594594594594595,0
0.7331288343558282,0.5765765765765766,0
0.7085889570552147,0.3333333333333333,0
0.36503067484662577,0.18018018018018017,0
0.10736196319018405,0.5375375375375375,0
0.5337423312883436,0.9429429429429429,5
0.7791411042944786,0.15015015015015015,0
0.7423312883435583,0.16816816816816818,0
0.6779141104294478,0.5165165165165165,0
0.7147239263803681,0.4984984984984985,0
0.2392638036809816,0.07507507507507508,0
0.4570552147239264,0.09309309309309309,0
0.22699386503067484,0.06606606606606606,0
0.04294478527607362,0.14414414414414414,0
0.6319018404907976,0.04804804804804805,0
0.37423312883435583,0.6906906906906907,0
0.08895705521472393,0.8618618618618619,20
0.9601226993865031,0.3813813813813814,0
0.5950920245398773,0.09009009009009009,0
0.5920245398773006,0.96996996996997,5
0.9662576687116564,0.24024024024024024,0
0.6656441717791411,0.1831831831831832,0
0.7269938650306749,0.8168168168168168,0
0.6226993865030674,0.07507507507507508,0
0.15644171779141106,0.08708708708708708,0
0.10122699386503067,0.4894894894894895,0
0.6809815950920245,0.4954954954954955,0
0.6809815950920245,0.14714714714714713,0
0.49693251533742333,0.3993993993993994,0
0.4294478527607362,0.3933933933933934,0
0.3282208588957055,0.963963963963964,20
0.18098159509202455,0.05405405405405406,0
0.6380368098159509,0.4444444444444444,0
0.19325153374233128,0.06006006006006006,0
0.3619631901840491,0.17117117117117117,0
0.7699386503067485,0.7417417417417418,0
0.7147239263803681,0.05405405405405406,0
0.5460122699386503,0.6156156156156156,0
0.588957055214724,0.9819819819819819,5
0.6932515337423313,0.2882882882882883,0
0.10429447852760736,0.963963963963964,24
0.4110429447852761,0.7027027027027027,0
0.6012269938650306,0.1921921921921922,0
0.941717791411043,0.8348348348348348,0
0.5276073619631901,0.43543543543543545,0
0.4386503067484663,0.16216216216216217,0
0.3282208588957055,0.16516516516516516,0
0.558282208588957,0.954954954954955,5
0.7024539877300614,0.6966966966966966,0
0.6533742331288344,0.05405405405405406,0
0.5337423312883436,0.5015015015015015,0
0.6196319018404908,0.08708708708708708,0
0.09202453987730061,0.14414414414414414,0
0.9539877300613497,0.5465465465465466,0
0.7638036809815951,0.15315315315315314,0
