0.08333333333333333,0.08333333333333333
0.08333333333333333,0.25
0.08333333333333333,0.41666666666666663
0.08333333333333333,0.5833333333333334
0.08333333333333333,0.75
0.08333333333333333,0.9166666666666667
0.25,0.08333333333333333
0.25,0.25
0.25,0.41666666666666663
0.25,0.5833333333333334
0.25,0.75
0.25,0.9166666666666667
0.41666666666666663,0.08333333333333333
0.41666666666666663,0.25
0.41666666666666663,0.41666666666666663
0.41666666666666663,0.5833333333333334
0.41666666666666663,0.75
0.41666666666666663,0.9166666666666667
0.5833333333333334,0.08333333333333333
0.5833333333333334,0.25
0.5833333333333334,0.41666666666666663
0.5833333333333334,0.5833333333333334
0.5833333333333334,0.75
0.5833333333333334,0.9166666666666667
0.75,0.08333333333333333
0.75,0.25
0.75,0.41666666666666663
0.75,0.5833333333333334
0.75,0.75
0.75,0.9166666666666667
0.9166666666666667,0.08333333333333333
0.9166666666666667,0.25
0.9166666666666667,0.41666666666666663
0.9166666666666667,0.5833333333333334
0.9166666666666667,0.75
0.9166666666666667,0.9166666666666667
