203,69,1
245,214,2
151,108,1
269,84,1
179,221,3
130,104,1
36,301,4
249,74,1
183,243,3
33,69,4
139,342,5
238,268,6
332,148,7
51,268,4
94,38,8
136,255,9
252,218,2
322,327,7
36,339,5
226,74,1
139,207,10
198,80,1
247,113,1
41,292,4
48,163,4
182,187,1
54,322,11
270,188,2
110,342,5
179,231,3
42,296,4
125,75,1
250,39,8
270,82,1
267,214,2
119,39,8
241,192,2
321,130,7
179,72,1
325,111,7
35,199,4
325,41,12
231,149,1
149,189,10
236,36,8
330,150,7
197,249,3
194,223,3
192,244,3
335,207,7
331,98,7
216,340,5
197,81,1
261,120,1
327,238,7
90,40,8
321,241,7
137,184,10
196,221,3
240,250,6
333,39,12
232,144,1
202,171,1
151,341,5
183,177,1
202,223,3
281,90,1
46,275,4
193,222,3
331,173,7
147,206,10
258,45,8
52,312,4
38,146,4
203,79,1
227,69,1
328,274,7
238,349,5
259,211,2
130,337,5
327,192,7
336,334,7
35,325,11
41,73,4
212,241,3
138,208,10
226,140,1
144,132,1
326,182,7
324,102,7
171,145,1
217,334,5
104,342,5
48,160,4
249,334,5
129,95,1
190,45,8
162,339,5
275,83,1
333,295,7
333,238,7
86,349,5
237,42,8
259,207,2
209,220,3
146,119,1
226,141,1
45,305,4
51,91,4
331,126,7
33,124,4
281,50,8
276,340,5
239,335,5
144,67,1
50,99,4
165,36,8
222,50,8
31,324,11
44,260,4
245,275,6
241,205,2
218,164,1
254,278,6
206,51,8
306,348,5
176,78,1
319,259,7
193,68,1
140,123,1
173,330,5
36,256,4
147,214,10
219,43,8
40,194,4
335,261,7
254,212,2
155,78,1
275,343,5
333,329,7
240,134,1
233,127,1
202,69,1
280,51,8
165,341,5
153,189,10
292,337,5
321,136,7
50,155,4
194,338,5
149,191,10
128,40,8
45,75,4
253,98,1
49,181,4
136,40,8
108,43,8
153,200,10
234,335,5
284,289,6
127,282,9
181,229,3
83,42,8
244,107,1
36,147,4
43,52,4
177,50,8
326,38,12
333,221,7
42,315,4
118,192,10
169,137,1
156,273,9
266,211,2
279,66,1
188,42,8
41,275,4
42,302,4
277,83,1
233,79,1
118,285,9
35,50,4
211,239,3
123,339,5
204,233,3
147,203,10
159,68,1
320,272,7
118,280,9
241,74,1
131,341,5
321,137,7
324,277,7
138,103,1
217,72,1
164,136,1
107,295,9
325,44,12
320,198,7
93,340,5
328,121,7
118,186,10
203,227,3
245,343,5
86,345,5
67,47,8
258,50,8
323,296,7
259,95,1
341,333,7
230,126,1
263,62,1
51,285,4
158,124,1
249,121,1
149,187,10
204,348,5
194,349,5
330,41,12
33,82,4
133,213,10
120,39,8
235,131,1
42,239,4
180,173,1
247,129,1
42,102,4
145,74,1
42,297,4
203,183,1
190,332,5
244,200,2
106,74,1
123,73,1
211,77,1
215,181,1
168,68,1
22,323,11
320,99,7
283,340,5
226,331,5
334,274,7
331,234,7
39,197,4
243,251,6
320,249,7
234,79,1
125,81,1
133,259,9
152,122,1
47,344,5
151,138,1
38,227,4
239,206,2
336,308,7
148,200,10
338,329,7
138,49,8
152,71,1
204,198,1
183,41,8
198,221,3
138,40,8
205,224,3
74,35,8
42,92,4
255,51,8
215,154,1
267,192,2
31,46,4
105,338,5
45,170,4
186,228,3
322,187,7
232,124,1
263,206,2
50,339,5
236,133,1
281,87,1
49,185,4
255,78,1
48,340,5
243,214,2
37,203,4
45,173,4
178,222,3
211,71,1
257,189,2
224,336,5
287,347,5
226,70,1
115,294,9
110,49,8
323,173,7
161,120,1
35,268,4
249,47,8
164,272,9
232,339,5
195,350,5
224,296,6
321,285,7
323,306,7
173,65,1
125,101,1
224,77,1
133,211,10
40,91,4
51,281,4
257,214,2
327,188,7
251,275,6
210,67,1
226,348,5
253,340,5
265,69,1
32,344,5
253,305,6
140,82,1
232,157,1
140,207,10
212,173,1
266,43,8
94,43,8
332,229,7
237,190,2
43,216,4
226,51,8
182,171,1
41,348,5
199,249,3
334,214,7
183,43,8
263,40,8
128,341,5
37,161,4
202,252,3
43,79,4
262,72,1
326,299,7
220,331,5
192,190,1
207,179,1
335,83,7
210,171,1
133,245,9
120,296,9
134,116,1
202,224,3
150,338,5
325,236,7
251,36,8
44,293,4
228,82,1
276,273,6
238,207,2
338,321,7
275,336,5
173,72,1
88,51,8
266,269,6
86,341,5
324,157,7
196,33,8
259,275,6
90,345,5
233,80,1
45,130,4
113,82,1
331,81,7
19,325,11
49,118,4
225,63,1
51,167,4
212,82,1
341,344,7
255,71,1
218,47,8
244,126,1
243,68,1
147,208,10
328,169,7
149,101,1
117,206,10
46,66,4
38,282,4
150,204,10
36,45,4
136,214,10
328,102,7
193,39,8
199,243,3
263,336,5
192,170,1
230,71,1
157,338,5
196,183,1
31,77,4
179,240,3
213,171,1
45,151,4
333,165,7
214,181,1
39,281,4
265,216,2
175,221,3
255,208,2
165,49,8
170,149,1
256,256,6
250,281,6
135,342,5
117,253,9
166,75,1
172,155,1
171,77,1
238,183,2
41,46,4
322,132,7
183,164,1
302,339,5
329,162,7
75,36,8
74,340,5
331,278,7
209,238,3
48,345,5
224,80,1
212,228,3
184,183,1
238,43,8
331,180,7
248,262,6
167,153,1
188,71,1
243,341,5
95,50,8
46,93,4
191,65,1
260,48,8
241,121,1
91,349,5
266,204,2
176,158,1
266,213,2
154,344,5
180,77,1
197,43,8
49,266,4
37,78,4
285,40,8
47,272,4
120,73,1
236,195,2
42,178,4
329,316,7
201,191,1
204,246,3
186,168,1
222,158,1
327,187,7
36,167,4
47,187,4
138,349,5
204,69,1
249,184,2
48,199,4
144,130,1
201,185,1
220,71,1
104,47,8
219,349,5
299,334,5
236,192,2
203,342,5
147,347,5
197,244,3
118,346,5
138,218,10
320,206,7
260,38,8
124,72,1
40,185,4
52,242,4
210,70,1
242,114,1
332,159,7
156,142,1
267,340,5
45,157,4
117,209,10
277,253,6
280,261,6
231,288,6
169,44,8
171,144,1
248,136,1
244,127,1
50,95,4
107,47,8
40,52,4
235,81,1
147,349,5
96,348,5
327,206,7
123,80,1
92,45,8
253,188,2
332,127,7
319,212,7
263,50,8
215,164,1
136,209,10
47,203,4
268,340,5
188,243,3
293,346,5
200,243,3
118,47,8
334,115,7
215,162,1
188,163,1
327,200,7
245,342,5
125,191,10
40,258,4
244,108,1
40,240,4
98,44,8
117,80,1
328,38,12
41,209,4
154,68,1
44,196,4
36,95,4
326,313,7
265,338,5
245,250,6
61,335,5
248,138,1
50,75,4
141,106,1
211,346,5
321,257,7
170,145,1
57,342,5
255,128,1
271,37,8
215,177,1
331,146,7
44,111,4
49,176,4
64,323,11
206,245,3
330,191,7
41,170,4
264,40,8
137,109,1
45,301,4
324,275,7
42,211,4
51,322,11
250,79,1
334,181,7
267,265,6
219,50,8
274,102,1
175,173,1
110,73,1
125,87,1
258,74,1
124,182,10
164,331,5
236,285,6
44,192,4
335,316,7
335,326,7
338,342,7
277,89,1
265,183,2
276,85,1
142,41,8
296,343,5
142,343,5
184,157,1
187,172,1
247,67,1
253,280,6
273,203,2
284,340,5
324,181,7
41,193,4
51,225,4
181,68,1
43,268,4
113,43,8
224,166,1
335,128,7
272,348,5
263,78,1
260,258,6
327,93,7
331,272,7
203,173,1
190,185,1
235,133,1
48,89,4
58,335,5
118,205,10
321,227,7
329,145,7
224,341,5
178,150,1
330,109,7
69,340,5
332,187,7
204,189,1
189,246,3
49,297,4
51,197,4
200,185,1
207,345,5
210,161,1
138,75,1
271,48,8
337,270,7
257,215,2
209,349,5
288,341,5
272,272,6
124,97,1
125,264,9
183,46,8
204,343,5
324,302,7
161,78,1
49,149,4
321,308,7
129,110,1
26,325,11
287,338,5
127,187,10
33,180,4
329,109,7
173,66,1
336,335,7
206,182,1
333,137,7
138,248,9
270,206,2
167,76,1
126,188,10
146,191,10
191,195,1
216,172,1
47,164,4
123,35,8
50,276,4
321,346,7
261,99,1
268,349,5
132,47,8
330,37,12
180,81,1
305,339,5
36,112,4
231,268,6
323,293,7
113,74,1
184,245,3
257,69,1
328,205,7
274,42,8
236,74,1
336,82,7
202,179,1
326,329,7
323,185,7
252,190,2
159,347,5
178,151,1
274,192,2
213,156,1
35,103,4
239,344,5
140,281,9
241,203,2
249,36,8
42,45,4
255,68,1
42,41,4
168,347,5
51,163,4
161,42,8
335,41,12
137,85,1
242,138,1
200,190,1
180,152,1
115,337,5
179,227,3
260,217,2
323,196,7
143,217,10
333,102,7
322,121,7
135,78,1
104,38,8
247,215,2
325,330,7
297,343,5
146,271,9
330,96,7
37,143,4
149,139,1
187,343,5
202,35,8
42,188,4
176,156,1
192,249,3
270,71,1
50,273,4
175,344,5
227,49,8
208,345,5
139,208,10
321,312,7
39,106,4
272,207,2
308,331,5
127,207,10
36,201,4
253,112,1
202,220,3
41,221,4
199,350,5
157,283,9
153,187,10
137,71,1
159,72,1
224,162,1
40,149,4
169,79,1
195,244,3
38,348,5
333,130,7
48,64,4
46,287,4
155,151,1
63,349,5
325,309,7
38,273,4
38,274,4
326,214,7
249,78,1
323,168,7
46,322,11
42,293,4
207,169,1
174,160,1
232,129,1
257,255,6
146,285,9
138,214,10
45,229,4
210,48,8
279,67,1
43,255,4
154,80,1
340,307,7
179,230,3
48,55,4
341,334,7
108,339,5
267,70,1
145,124,1
137,183,10
331,227,7
335,244,7
325,250,7
35,253,4
88,343,5
158,75,1
91,333,5
183,33,8
275,344,5
303,340,5
50,199,4
134,75,1
263,246,6
125,193,10
40,315,4
209,341,5
115,252,9
256,39,8
184,192,1
282,70,1
252,210,2
245,200,2
98,337,5
270,68,1
47,55,4
30,66,4
136,101,1
218,171,1
247,190,2
47,336,5
268,285,6
42,340,5
113,345,5
213,44,8
116,189,10
188,172,1
52,188,4
237,151,1
264,94,1
239,120,1
263,36,8
203,197,1
189,217,3
106,48,8
37,73,4
252,274,6
68,325,11
40,211,4
43,106,4
137,80,1
118,51,8
50,130,4
167,134,1
280,347,5
145,203,10
247,337,5
279,93,1
323,71,7
213,159,1
37,283,4
32,336,5
237,47,8
40,37,4
160,71,1
295,333,5
249,211,2
335,179,7
63,348,5
80,47,8
36,85,4
161,156,1
195,82,1
123,247,9
46,178,4
328,149,7
134,42,8
40,238,4
170,79,1
262,34,8
137,338,5
131,111,1
129,211,10
50,154,4
302,330,5
262,101,1
42,251,4
263,194,2
200,251,3
180,179,1
162,121,1
280,48,8
212,182,1
278,66,1
209,74,1
210,190,1
168,160,1
156,149,1
336,281,7
259,183,2
145,341,5
321,203,7
325,48,12
80,342,5
229,36,8
48,182,4
115,334,5
327,133,7
175,225,3
57,334,5
186,66,1
141,204,10
40,85,4
51,226,4
49,279,4
329,229,7
184,69,1
329,192,7
131,187,10
26,324,11
244,211,2
46,148,4
319,258,7
41,39,4
212,227,3
325,264,7
142,117,1
139,216,10
42,270,4
158,268,9
269,78,1
32,61,4
191,70,1
243,206,2
202,334,5
192,71,1
321,45,12
117,184,10
328,258,7
204,221,3
290,344,5
37,258,4
265,341,5
192,253,3
71,348,5
251,189,2
60,321,11
58,343,5
34,68,4
222,171,1
238,210,2
222,34,8
36,122,4
120,204,10
279,336,5
51,150,4
68,348,5
322,91,7
143,122,1
324,126,7
284,75,1
321,190,7
220,65,1
179,181,1
182,236,3
52,322,11
48,113,5
192,65,1
115,194,10
70,321,11
234,157,1
270,65,1
204,179,1
238,67,1
84,41,8
79,38,8
216,48,8
236,50,8
233,125,1
251,51,8
34,293,4
270,198,2
165,139,1
277,45,8
195,69,1
256,106,1
127,209,10
196,175,1
264,213,2
49,235,4
216,158,1
332,121,7
324,257,7
176,229,3
131,112,1
41,100,4
173,158,1
115,82,1
335,283,7
334,290,7
329,196,7
155,147,1
254,102,1
180,229,3
330,214,7
159,122,1
255,210,2
253,290,6
164,126,1
319,142,7
122,47,8
238,275,6
249,112,1
150,252,9
337,230,7
198,336,5
335,289,7
262,67,1
157,339,5
328,249,7
149,242,9
157,136,1
240,182,2
257,271,6
211,78,1
40,228,4
329,142,7
210,79,1
333,88,7
248,265,6
48,313,4
254,293,6
203,45,8
265,65,1
170,333,5
122,79,1
51,235,4
67,324,11
175,330,5
239,288,6
144,201,10
250,77,1
41,308,4
40,77,4
145,349,5
330,105,7
325,202,7
138,272,9
321,105,7
41,323,11
141,264,9
187,35,8
186,226,3
193,176,1
182,50,8
239,64,1
271,296,6
281,331,5
39,309,4
123,184,10
258,49,8
205,340,5
186,165,1
256,127,1
195,171,1
218,33,8
164,132,1
239,262,6
227,158,1
49,154,4
136,102,1
187,160,1
333,111,7
181,168,1
47,169,4
230,158,1
208,241,3
52,125,4
202,227,3
177,79,1
229,343,5
323,224,7
152,202,10
332,247,7
165,134,1
42,91,4
232,332,5
324,88,7
320,159,7
307,337,5
206,341,5
185,184,1
249,71,1
321,43,12
221,140,1
224,52,8
279,281,6
210,69,1
211,52,8
151,72,1
39,236,4
211,340,5
267,206,2
137,273,9
338,226,7
330,342,7
40,248,4
48,62,4
150,268,9
256,343,5
239,196,2
237,126,1
300,51,13
38,89,4
33,55,4
49,303,4
274,84,1
242,205,2
149,116,1
320,217,7
78,41,8
138,89,1
142,212,10
33,323,11
35,218,4
174,349,5
156,255,9
334,47,12
67,321,11
157,258,9
144,186,10
41,322,11
309,19,13
239,149,1
301,29,13
37,110,4
220,343,5
222,173,1
72,345,5
211,154,1
325,87,7
128,41,8
127,90,1
266,80,1
77,47,8
335,299,7
330,169,7
199,191,1
126,189,10
167,74,1
338,308,7
272,65,1
265,70,1
264,76,1
174,168,1
323,100,7
322,192,7
246,110,1
259,107,1
151,193,10
334,275,7
307,338,5
243,189,2
214,343,5
271,205,2
339,215,7
47,137,4
44,146,4
81,347,5
196,344,5
177,74,1
249,340,5
221,149,1
116,84,1
190,77,1
49,322,11
258,121,1
249,136,1
166,152,1
156,302,9
332,332,7
183,233,3
68,322,11
130,345,5
54,323,11
258,115,1
45,48,4
327,285,7
236,207,2
45,304,4
151,294,9
264,210,2
156,132,1
207,230,3
252,119,1
329,343,7
108,35,8
267,185,2
42,65,4
234,63,1
102,50,8
133,39,8
125,250,9
50,113,4
184,231,3
258,265,6
51,206,4
320,177,7
321,293,7
194,178,1
245,208,2
144,111,1
256,341,5
322,99,7
50,133,4
127,100,1
33,118,4
122,281,9
337,324,7
324,248,7
40,286,4
248,343,5
270,341,5
271,340,5
176,173,1
144,336,5
224,346,5
251,113,1
111,283,9
201,194,1
153,79,1
256,190,2
232,338,5
50,91,4
330,123,7
336,166,7
150,144,1
206,192,1
264,212,2
265,255,6
238,338,5
204,37,8
114,203,10
129,243,9
48,88,4
256,189,2
101,41,8
203,247,3
136,346,5
270,40,8
265,215,2
145,258,9
223,164,1
34,206,4
265,196,2
139,301,9
160,138,1
32,169,4
123,96,1
163,139,1
169,151,1
151,331,5
184,246,3
224,157,1
88,41,8
262,308,6
339,323,7
259,334,5
137,40,8
141,119,1
130,259,9
257,303,6
283,269,6
219,171,1
89,341,5
58,323,11
51,145,4
121,263,9
171,36,8
30,325,11
262,273,6
147,39,8
192,222,3
248,116,1
268,83,1
184,156,1
40,119,4
108,76,1
269,264,6
145,80,1
270,207,2
206,187,1
252,260,6
151,122,1
174,36,8
238,290,6
207,32,8
66,325,11
197,65,1
170,72,1
211,183,1
126,333,5
321,339,7
279,32,8
141,43,8
148,40,8
322,300,7
307,49,13
335,192,7
166,71,1
222,348,5
240,147,1
263,274,6
178,179,1
196,182,1
257,288,6
178,217,3
252,45,8
42,55,4
252,129,1
325,163,7
321,244,7
133,67,1
125,340,5
333,263,7
268,85,1
268,196,2
36,48,4
60,343,5
36,68,4
240,77,1
320,153,7
101,335,5
44,251,4
46,146,4
324,321,7
259,282,6
199,349,5
180,223,3
159,280,9
119,194,10
329,165,7
208,243,3
119,68,1
110,276,9
179,44,8
204,199,1
193,250,3
30,50,4
46,193,4
221,69,1
244,345,5
41,242,4
76,333,5
50,118,4
128,216,10
176,159,1
160,347,5
202,343,5
265,187,2
330,197,7
165,65,1
330,244,7
329,138,7
181,226,3
198,219,3
170,339,5
186,178,1
226,336,5
235,206,2
268,215,2
224,76,1
42,325,11
246,205,2
173,156,1
50,242,4
149,79,1
177,334,5
259,186,2
38,166,4
115,196,10
232,286,6
120,288,9
151,339,5
326,79,7
324,184,7
145,51,8
131,181,10
39,246,4
155,260,9
178,166,1
63,322,11
30,323,11
124,213,10
41,167,4
182,40,8
135,82,1
198,70,1
265,84,1
51,261,4
278,40,8
29,324,11
333,51,12
233,138,1
116,86,1
331,299,7
322,320,7
284,332,5
260,68,1
255,213,2
121,89,1
329,206,7
335,272,7
48,120,4
325,238,7
286,343,5
127,77,1
185,68,1
227,52,8
115,198,10
323,43,12
325,289,7
342,305,7
41,69,4
208,225,3
35,289,4
107,281,9
144,77,1
147,45,8
46,273,4
179,49,8
333,319,7
90,338,5
294,329,5
120,345,5
18,324,11
43,101,4
177,349,5
277,50,8
322,235,7
37,172,4
160,144,1
45,176,4
192,80,1
139,94,1
47,100,4
132,97,1
48,146,4
165,273,9
235,62,1
49,293,4
145,290,9
321,108,7
149,131,1
198,202,1
205,345,5
40,147,4
49,324,11
206,334,5
276,301,6
177,35,8
249,183,2
105,340,5
270,195,2
335,262,7
143,190,10
163,336,5
336,210,7
39,256,4
322,317,7
191,40,8
171,168,1
125,281,9
258,111,1
107,74,1
189,177,1
331,69,7
274,45,8
269,74,1
217,168,1
39,126,4
210,244,3
188,244,3
263,193,2
156,256,9
271,106,1
51,121,4
289,82,1
221,41,8
123,81,1
124,341,5
135,188,10
137,99,1
256,38,8
323,251,7
148,73,1
302,34,13
56,323,11
152,145,1
60,346,5
254,50,8
176,233,3
323,268,7
324,247,7
130,213,10
81,337,5
273,85,1
229,147,1
254,289,6
120,184,10
225,82,1
137,110,1
331,313,7
170,154,1
236,137,1
140,98,1
245,132,1
228,38,8
196,72,1
195,346,5
239,139,1
326,285,7
193,178,1
124,207,10
332,158,7
140,187,10
323,279,7
35,302,4
321,84,7
50,325,11
196,186,1
200,73,1
133,346,5
256,346,5
181,70,1
36,205,4
54,325,11
53,333,5
133,92,1
130,93,1
328,227,7
210,176,1
40,276,4
240,189,2
267,92,1
160,342,5
41,298,4
242,71,1
292,341,5
228,135,1
59,349,5
234,50,8
42,128,4
241,62,1
43,228,4
219,73,1
247,275,6
330,210,7
210,80,1
236,73,1
184,166,1
48,270,4
130,273,9
43,258,4
324,304,7
178,82,1
330,163,7
221,70,1
197,77,1
90,45,8
209,174,1
328,129,7
158,295,9
263,271,6
187,191,1
329,245,7
47,63,4
331,271,7
270,210,2
209,41,8
148,199,10
133,267,9
259,209,2
231,348,5
188,242,3
246,215,2
271,293,6
204,225,3
283,70,1
174,77,1
230,129,1
319,169,7
228,63,1
46,277,4
209,235,3
194,174,1
202,41,8
326,229,7
116,192,10
133,338,5
255,93,1
97,348,5
36,72,4
338,348,7
114,67,1
195,347,5
197,51,8
330,173,7
268,94,1
239,130,1
131,309,9
248,128,1
184,42,8
338,221,7
170,51,8
126,209,10
331,130,7
271,198,2
133,342,5
227,133,1
193,186,1
100,269,9
159,156,1
144,44,8
210,162,1
180,73,1
142,131,1
50,161,4
333,304,7
165,349,5
239,126,1
335,182,7
279,340,5
331,307,7
240,191,2
35,159,4
326,83,7
328,250,7
126,73,1
259,105,1
254,36,8
38,220,4
46,163,4
45,58,4
49,290,4
277,336,5
225,338,5
136,188,10
45,153,4
246,139,1
228,154,1
252,208,2
177,242,3
233,347,5
264,266,6
246,50,8
253,296,6
103,345,5
40,39,4
67,39,8
142,102,1
96,347,5
205,159,1
253,349,5
183,240,3
125,214,10
129,107,1
124,49,8
271,339,5
47,200,4
332,347,7
140,338,5
248,208,2
206,41,8
281,83,1
94,338,5
321,230,7
52,152,4
35,342,5
66,322,11
205,221,3
333,328,7
61,40,8
326,302,7
241,198,2
159,76,1
267,186,2
256,250,6
242,268,6
116,90,1
118,40,8
224,283,6
112,334,5
177,163,1
38,39,4
44,291,4
40,113,4
257,213,2
149,272,9
161,37,8
211,339,5
45,198,4
170,151,1
91,51,8
256,117,1
301,57,13
264,199,2
282,336,5
336,207,7
133,340,5
110,281,9
184,346,5
323,94,7
231,52,8
268,209,2
188,184,1
38,191,4
196,66,1
229,137,1
325,318,7
182,240,3
166,340,5
264,183,2
235,187,2
56,349,5
190,179,1
41,279,4
264,191,2
335,202,7
57,322,11
149,123,1
331,153,7
262,293,6
227,38,8
328,219,7
117,92,1
325,260,7
167,44,8
206,238,3
46,134,4
309,40,13
150,36,8
45,321,11
327,150,7
36,202,4
283,341,5
103,50,8
270,51,8
38,65,4
45,109,4
325,294,7
165,146,1
37,170,4
320,239,7
186,331,5
38,254,4
229,154,1
273,338,5
333,45,12
207,77,1
171,346,5
34,106,4
165,48,8
174,155,1
41,161,4
128,211,10
331,134,7
281,46,8
228,139,1
51,140,4
189,245,3
68,41,8
281,345,5
152,342,5
168,131,1
193,183,1
322,230,7
141,335,5
76,341,5
238,285,6
197,191,1
329,265,7
228,336,5
252,188,2
40,64,4
115,269,9
241,193,2
117,75,1
198,218,3
45,295,4
220,78,1
132,78,1
329,232,7
49,238,4
167,39,8
207,248,3
112,44,8
273,198,2
277,77,1
38,296,4
259,258,6
149,77,1
230,77,1
38,66,4
263,84,1
143,280,9
327,91,7
186,79,1
46,68,4
190,348,5
254,125,1
135,72,1
231,142,1
322,159,7
183,163,1
43,138,4
327,41,12
58,325,11
337,263,7
162,66,1
163,141,1
46,339,5
305,54,13
246,136,1
40,310,4
284,42,8
132,108,1
52,308,4
198,169,1
124,348,5
185,185,1
87,337,5
240,117,1
329,173,7
149,205,10
134,274,9
237,345,5
122,295,9
140,69,1
270,108,1
262,345,5
225,36,8
157,79,1
341,317,7
49,323,11
322,203,7
325,215,7
37,215,4
247,138,1
38,181,4
191,216,3
140,41,8
243,131,1
44,163,4
227,71,1
38,42,4
246,42,8
148,125,1
224,257,6
213,167,1
33,63,4
204,244,3
269,201,2
40,125,4
332,83,7
253,217,2
157,345,5
236,197,2
41,206,4
327,75,7
125,104,1
113,49,8
193,251,3
277,36,8
263,83,1
208,236,3
205,80,1
36,259,4
42,46,4
131,283,9
197,223,3
159,132,1
165,40,8
176,47,8
197,247,3
244,119,1
330,311,7
251,40,8
35,141,4
37,94,4
130,75,1
103,343,5
203,228,3
90,37,8
34,154,4
337,242,7
332,103,7
33,42,4
133,188,10
39,257,4
190,68,1
217,271,6
64,38,8
44,209,4
47,139,4
332,305,7
154,72,1
277,69,1
334,99,7
331,94,7
201,46,8
250,250,6
128,210,10
242,243,6
120,36,8
296,334,5
257,299,6
217,35,8
327,146,7
230,335,5
52,145,4
61,42,8
37,286,4
43,115,4
178,336,5
253,348,5
41,140,4
330,217,7
162,48,8
243,41,8
322,173,7
257,105,1
39,79,4
236,199,2
138,182,10
148,43,8
29,340,5
51,203,4
331,163,7
210,241,3
40,231,4
40,343,5
289,336,5
156,70,1
45,42,4
190,347,5
331,332,7
181,342,5
211,185,1
159,82,1
246,120,1
195,38,8
48,91,4
114,208,10
128,284,9
211,178,1
135,81,1
32,42,4
136,271,9
172,152,1
333,318,7
194,46,8
141,80,1
39,226,4
251,77,1
323,322,7
335,312,7
121,43,8
270,289,6
201,170,1
204,72,1
123,51,8
108,268,9
240,198,2
36,226,4
234,45,8
139,334,5
129,111,1
125,273,9
207,337,5
321,266,7
262,47,8
297,332,5
214,226,3
88,34,8
235,253,6
120,293,9
209,185,1
322,105,7
36,84,4
269,340,5
149,47,8
204,232,3
273,343,5
332,170,7
241,70,1
48,312,4
128,71,1
125,268,9
45,256,4
329,292,7
179,182,1
117,288,9
41,294,4
179,51,8
225,45,8
325,35,12
41,285,4
146,115,1
187,196,1
41,174,4
66,40,8
70,340,5
330,326,7
168,49,8
331,347,7
169,344,5
157,42,8
122,213,10
38,324,11
36,172,4
320,244,7
45,323,11
43,128,4
38,297,4
193,220,3
172,350,5
202,64,1
277,93,1
59,339,5
187,73,1
230,332,5
181,158,1
51,106,4
308,36,13
189,40,8
29,322,11
328,296,7
162,122,1
335,259,7
129,252,9
141,192,10
278,344,5
219,79,1
331,190,7
132,216,10
205,230,3
262,218,2
278,340,5
335,173,7
45,118,4
323,211,7
43,166,4
36,151,4
339,287,7
331,74,7
330,76,7
181,237,3
129,83,1
38,55,4
323,218,7
48,133,4
237,186,2
70,348,5
186,82,1
139,104,1
188,193,1
255,286,6
268,331,5
48,105,4
286,77,1
163,272,9
271,98,1
204,164,1
96,338,5
162,39,8
33,322,11
337,91,7
233,147,1
204,161,1
22,322,11
46,69,4
174,335,5
117,272,9
218,337,5
335,300,7
243,113,1
37,324,11
322,149,7
330,256,7
42,100,4
332,155,7
189,251,3
322,200,7
97,41,8
198,346,5
151,70,1
225,138,1
271,345,5
65,342,5
46,169,4
44,238,4
183,81,1
151,206,10
221,139,1
45,284,4
48,173,4
41,288,4
239,346,5
101,42,8
151,79,1
241,131,1
48,263,4
155,40,8
283,75,1
122,273,9
107,255,9
274,269,6
223,173,1
192,44,8
337,43,12
129,339,5
99,344,5
45,102,4
43,165,4
197,174,1
334,311,7
228,163,1
268,207,2
210,347,5
340,344,7
113,76,1
118,196,10
282,37,8
22,325,11
337,337,7
324,130,7
216,166,1
168,69,1
196,223,3
61,325,11
210,247,3
336,225,7
121,302,9
149,198,10
257,348,5
330,178,7
51,96,4
250,52,8
326,208,7
257,240,6
143,198,10
280,45,8
326,272,7
336,195,7
141,111,1
335,246,7
326,242,7
264,91,1
137,347,5
334,241,7
220,344,5
210,64,1
147,80,1
52,215,4
119,347,5
37,105,4
50,45,4
266,280,6
319,76,7
321,242,7
326,73,7
85,41,8
325,206,7
187,348,5
267,338,5
144,214,10
307,24,13
280,338,5
321,271,7
142,334,5
162,138,1
70,40,8
225,157,1
287,78,1
141,116,1
265,80,1
193,203,1
231,139,1
132,187,10
201,66,1
39,279,4
198,77,1
109,80,1
151,107,1
161,43,8
177,224,3
86,49,8
330,223,7
207,166,1
167,159,1
269,348,5
267,33,8
120,194,10
210,168,1
329,324,7
36,197,4
180,163,1
336,254,7
51,199,4
270,190,2
201,348,5
248,108,1
230,275,6
194,246,3
263,77,1
202,348,5
232,255,6
145,195,10
268,333,5
32,67,4
41,324,11
113,338,5
42,139,4
134,52,8
245,334,5
37,56,4
282,332,5
205,73,1
329,42,12
181,179,1
199,188,1
327,221,7
50,71,4
44,264,4
304,46,13
323,170,7
245,142,1
233,140,1
40,150,4
214,235,3
40,143,4
277,91,1
30,40,4
134,255,9
43,161,4
49,91,4
168,163,1
36,152,4
320,221,7
143,209,10
327,120,7
261,75,1
252,215,2
144,117,1
68,338,5
321,110,7
123,72,1
162,137,1
169,49,8
51,253,4
220,163,1
34,62,4
45,311,4
42,62,4
143,66,1
234,150,1
231,65,1
115,81,1
36,101,4
200,242,3
337,322,7
331,145,7
321,309,7
227,148,1
185,77,1
104,338,5
227,78,1
40,111,4
332,128,7
38,247,4
127,189,10
131,78,1
286,46,8
43,337,5
331,235,7
43,135,4
179,158,1
226,63,1
130,85,1
124,82,1
46,218,4
146,189,10
323,329,7
179,186,1
31,346,5
319,72,7
253,338,5
165,42,8
232,132,1
165,75,1
250,43,8
122,188,10
36,127,4
232,281,6
230,148,1
143,182,10
56,339,5
258,248,6
48,284,4
264,198,2
215,184,1
260,88,1
113,335,5
43,304,4
40,157,4
240,114,1
328,164,7
161,337,5
241,51,8
43,160,4
141,218,10
94,349,5
179,237,3
195,73,1
128,182,10
268,92,1
328,328,7
238,114,1
163,131,1
45,143,4
220,336,5
228,164,1
135,67,1
205,169,1
253,216,2
267,65,1
294,333,5
329,308,7
175,148,1
247,218,2
230,163,1
69,344,5
207,226,3
191,223,3
213,174,1
254,211,2
104,46,8
203,237,3
162,260,9
231,76,1
327,105,7
285,50,8
333,303,7
223,148,1
254,107,1
251,344,5
206,173,1
118,79,1
280,91,1
206,49,8
254,207,2
179,350,5
119,337,5
191,190,1
128,46,8
130,101,1
328,256,7
138,185,10
146,105,1
267,190,2
115,206,10
184,36,8
50,221,4
210,337,5
175,75,1
197,219,3
245,290,6
209,65,1
86,335,5
142,192,10
132,215,10
325,324,7
32,350,5
269,47,8
143,197,10
152,334,5
238,341,5
170,34,8
50,220,4
181,151,1
332,84,7
139,190,10
44,266,4
175,36,8
216,82,1
330,92,7
130,39,8
115,280,9
224,153,1
236,140,1
98,336,5
301,43,13
51,178,4
90,348,5
244,197,2
238,139,1
128,49,8
38,93,4
232,147,1
319,239,7
192,199,1
160,43,8
336,185,7
224,79,1
247,187,2
120,192,10
50,227,4
228,74,1
224,150,1
218,177,1
133,48,8
47,119,5
288,48,8
125,44,8
44,325,11
150,39,8
337,272,7
334,309,7
263,82,1
339,317,7
43,215,4
135,279,9
258,184,2
48,116,4
178,81,1
198,46,8
64,339,5
70,324,11
202,169,1
88,334,5
223,66,1
150,281,9
36,142,4
213,78,1
323,176,7
191,344,5
139,83,1
51,288,4
328,293,7
114,205,10
325,136,7
199,174,1
320,151,7
148,108,1
320,234,7
110,42,8
147,202,10
270,70,1
129,50,8
238,337,5
210,175,1
322,301,7
334,312,7
328,191,7
46,122,4
173,80,1
47,258,4
163,146,1
42,66,4
50,38,4
332,141,7
154,131,1
219,40,8
140,68,1
157,341,5
157,149,1
135,339,5
151,137,1
145,348,5
223,134,1
136,212,10
325,191,7
81,346,5
266,295,6
45,71,4
54,338,5
195,336,5
143,123,1
48,236,4
273,348,5
221,340,5
123,199,10
34,208,4
222,49,8
267,329,5
172,335,5
222,167,1
129,241,9
324,215,7
184,219,3
326,231,7
254,331,5
287,48,8
253,265,6
118,195,10
223,336,5
50,68,4
174,175,1
124,203,10
124,101,1
215,41,8
241,77,1
70,336,5
211,157,1
161,158,1
39,294,4
48,188,4
139,260,9
150,184,10
198,76,1
158,82,1
139,76,1
224,344,5
51,323,11
122,340,5
219,45,8
187,189,1
42,192,4
43,61,4
108,51,8
42,76,4
264,254,6
43,334,5
51,340,5
233,153,1
132,111,1
182,190,1
256,43,8
320,205,7
262,93,1
175,345,5
213,333,5
150,288,9
144,36,8
333,112,7
32,346,5
210,43,8
40,324,11
239,39,8
92,337,5
283,343,5
265,99,1
253,347,5
258,38,8
201,171,1
153,264,9
330,115,7
232,301,6
39,176,4
95,39,8
335,183,7
334,101,7
269,344,5
215,37,8
214,333,5
252,46,8
29,338,5
249,50,8
79,49,8
272,72,1
164,147,1
282,340,5
320,326,7
333,218,7
127,272,9
193,334,5
131,90,1
256,102,1
258,33,8
153,110,1
327,152,7
117,200,10
35,49,4
226,135,1
333,291,7
188,218,3
200,45,8
42,123,4
120,191,10
308,30,13
324,115,7
321,318,7
274,255,6
323,335,7
76,46,8
35,76,4
127,183,10
100,40,8
197,176,1
152,67,1
157,125,1
194,44,8
218,162,1
322,146,7
246,338,5
205,234,3
206,196,1
248,209,2
286,338,5
338,260,7
244,212,2
52,126,4
158,148,1
325,231,7
146,195,10
319,232,7
131,94,1
190,166,1
181,349,5
50,181,4
39,225,4
261,297,6
158,35,8
91,49,8
253,262,6
278,84,1
149,212,10
212,64,1
174,45,8
241,276,6
322,266,7
247,330,5
324,311,7
155,76,1
43,263,4
170,161,1
213,150,1
331,305,7
288,43,8
51,58,4
130,346,5
102,340,5
137,124,1
46,300,4
177,157,1
261,335,5
156,38,8
155,146,1
88,337,5
129,73,1
268,204,2
247,210,2
230,44,8
332,278,7
321,336,7
118,349,5
26,323,11
46,245,4
146,198,10
295,346,5
140,39,8
191,176,1
242,190,2
330,44,12
195,50,8
323,267,7
141,101,1
242,123,1
320,293,7
147,189,10
42,133,4
239,303,6
113,48,8
32,97,4
183,160,1
263,261,6
305,338,5
236,127,1
263,289,6
73,40,8
46,124,4
52,149,4
175,240,3
30,51,4
168,143,1
219,76,1
274,98,1
119,87,1
332,328,7
337,297,7
260,106,1
218,173,1
24,322,11
67,344,5
133,210,10
123,198,10
229,163,1
329,339,7
329,309,7
275,335,5
248,184,2
137,111,1
170,65,1
149,134,1
272,92,1
142,279,9
42,61,4
107,41,8
226,165,1
224,337,5
334,315,7
302,336,5
174,343,5
92,347,5
197,251,3
162,74,1
280,42,8
172,176,1
239,148,1
117,199,10
145,40,8
258,106,1
262,102,1
192,216,3
125,182,10
46,60,4
79,42,8
63,337,5
34,87,4
49,84,4
162,65,1
264,345,5
212,179,1
331,326,7
263,101,1
211,155,1
156,50,8
260,93,1
255,122,1
325,52,12
330,338,7
144,194,10
326,233,7
258,298,6
189,178,1
189,163,1
269,75,1
196,181,1
135,109,1
245,272,6
167,41,8
216,151,1
269,77,1
253,341,5
85,334,5
333,315,7
240,78,1
203,333,5
33,343,5
117,71,1
180,225,3
50,281,4
20,324,11
248,185,2
121,68,1
80,42,8
51,135,4
42,301,4
259,343,5
197,248,3
208,81,1
256,76,1
40,83,4
184,76,1
49,192,4
258,77,1
245,280,6
128,50,8
154,124,1
50,157,4
188,68,1
258,280,6
131,217,10
146,213,10
199,246,3
212,73,1
38,116,4
53,323,11
325,109,7
254,344,5
163,156,1
146,110,1
148,342,5
248,280,6
325,279,7
332,208,7
50,72,4
138,332,5
168,48,8
130,95,1
243,187,2
45,155,4
71,323,11
115,261,9
329,251,7
240,205,2
198,342,5
238,36,8
229,67,1
255,336,5
334,270,7
186,176,1
261,76,1
140,273,9
207,240,3
145,196,10
135,47,8
326,80,7
331,293,7
320,263,7
321,164,7
176,231,3
230,285,6
36,323,11
328,185,7
253,127,1
214,75,1
261,62,1
327,46,12
328,224,7
129,341,5
338,275,7
44,232,4
223,68,1
330,148,7
265,49,8
333,260,7
31,50,4
35,79,4
109,349,5
328,264,7
244,70,1
227,132,1
276,334,5
42,95,4
323,202,7
44,205,4
38,121,4
326,254,7
187,201,1
333,157,7
39,300,4
55,333,5
277,79,1
139,109,1
261,72,1
288,335,5
213,64,1
245,79,1
39,301,4
256,208,2
245,65,1
157,38,8
247,121,1
144,287,9
244,339,5
28,325,11
38,246,4
163,347,5
47,231,4
49,252,4
108,346,5
339,331,7
299,348,5
275,72,1
275,77,1
240,195,2
333,203,7
186,46,8
141,247,9
125,102,1
227,70,1
97,49,8
176,150,1
271,185,2
42,96,4
49,225,4
235,209,2
36,99,4
208,192,1
322,176,7
138,117,1
329,82,7
134,96,1
162,47,8
239,141,1
110,270,9
124,336,5
113,349,5
123,348,5
321,163,7
205,68,1
122,50,8
194,245,3
329,256,7
275,270,6
152,335,5
320,308,7
218,350,5
234,69,1
209,332,5
148,185,10
176,226,3
330,281,7
159,269,9
147,195,10
321,282,7
326,296,7
120,45,8
327,170,7
134,88,1
228,131,1
41,269,4
321,103,7
246,258,6
51,347,5
39,183,4
134,101,1
213,63,1
180,66,1
125,90,1
193,201,1
44,237,4
338,302,7
232,276,6
143,73,1
140,48,8
244,199,2
186,249,3
244,122,1
273,70,1
120,274,9
187,186,1
167,334,5
199,217,3
332,105,7
141,188,10
44,234,4
176,43,8
118,202,10
65,45,8
147,125,1
149,102,1
126,344,5
322,293,7
38,69,4
242,43,8
286,78,1
117,85,1
329,293,7
44,309,4
33,90,4
245,107,1
209,75,1
241,333,5
158,131,1
185,158,1
250,189,2
170,135,1
121,205,10
289,331,5
269,104,1
69,323,11
260,78,1
257,106,1
330,47,12
209,234,3
255,95,1
199,250,3
49,83,4
64,52,8
146,71,1
247,69,1
323,221,7
134,209,10
37,231,4
242,348,5
130,38,8
326,309,7
157,130,1
246,274,6
49,211,4
206,231,3
323,238,7
334,279,7
246,41,8
118,37,8
50,254,4
206,37,8
183,178,1
250,99,1
239,114,1
123,79,1
241,258,6
136,106,1
207,219,3
335,236,7
39,37,4
43,88,4
43,56,4
320,134,7
248,78,1
51,179,4
237,147,1
222,170,1
45,96,4
187,338,5
320,96,7
144,116,1
332,201,7
153,140,1
148,48,8
260,335,5
159,147,1
146,343,5
270,213,2
198,181,1
264,45,8
214,150,1
192,172,1
207,47,8
41,236,4
248,41,8
164,78,1
41,234,4
181,232,3
256,123,1
147,119,1
266,254,6
324,143,7
205,172,1
331,136,7
195,251,3
33,52,4
280,33,8
230,144,1
144,195,10
246,289,6
41,211,4
245,183,2
202,199,1
218,141,1
229,40,8
199,75,1
126,217,10
326,336,7
257,40,8
235,143,1
330,120,7
281,86,1
152,139,1
237,193,2
134,37,8
286,74,1
323,47,12
187,198,1
195,186,1
329,133,7
241,43,8
44,306,4
161,79,1
148,131,1
181,227,3
252,219,2
31,322,11
332,101,7
263,280,6
124,199,10
73,50,8
122,259,9
45,82,4
169,142,1
183,184,1
268,106,1
326,128,7
147,334,5
271,104,1
142,83,1
24,325,11
320,246,7
322,87,7
42,222,4
187,245,3
215,150,1
338,294,7
321,78,7
227,48,8
211,151,1
247,211,2
243,79,1
122,198,10
134,73,1
275,43,8
198,51,8
201,168,1
167,149,1
181,154,1
268,191,2
223,71,1
126,262,9
123,211,10
148,260,9
225,269,6
163,159,1
38,62,4
41,76,4
194,180,1
177,43,8
272,62,1
41,280,4
93,39,8
154,42,8
271,261,6
37,75,4
319,219,7
236,45,8
335,152,7
124,73,1
260,117,1
114,79,1
40,58,4
143,186,10
191,199,1
49,134,4
47,269,4
341,319,7
125,278,9
64,325,11
49,285,4
263,203,2
134,41,8
226,131,1
148,295,9
41,130,4
251,128,1
45,124,4
150,51,8
198,44,8
141,49,8
175,76,1
332,138,7
196,178,1
270,67,1
129,340,5
46,75,4
203,48,8
289,340,5
321,142,7
222,63,1
194,41,8
146,184,10
121,201,10
113,249,9
143,211,10
241,286,6
113,39,8
47,107,4
246,109,1
184,234,3
240,132,1
183,70,1
333,342,7
106,42,8
50,306,4
189,67,1
101,46,8
145,288,9
223,76,1
49,248,4
191,75,1
201,176,1
37,83,4
213,232,3
178,234,3
192,200,1
280,87,1
137,90,1
335,233,7
213,183,1
183,229,3
122,94,1
169,69,1
239,124,1
51,258,4
185,248,3
169,134,1
304,329,5
235,35,8
46,90,4
122,208,10
44,207,4
276,265,6
182,65,1
93,37,8
263,76,1
42,68,4
195,194,1
268,69,1
143,274,9
101,337,5
241,185,2
216,79,1
240,275,6
276,348,5
264,41,8
223,270,6
37,322,11
250,119,1
321,313,7
262,343,5
209,162,1
239,187,2
176,176,1
149,209,10
206,181,1
146,109,1
202,239,3
151,344,5
187,242,3
333,288,7
331,259,7
40,303,4
48,208,4
263,98,1
281,75,1
78,347,5
326,198,7
272,87,1
275,331,5
50,102,4
232,154,1
330,45,12
224,261,6
153,336,5
233,69,1
247,205,2
327,273,7
227,346,5
257,338,5
266,346,5
135,97,1
260,91,1
268,91,1
37,50,4
333,42,12
180,174,1
197,171,1
233,70,1
330,308,7
65,321,11
155,126,1
34,135,4
44,182,4
40,265,4
335,271,7
256,187,2
337,176,7
218,80,1
224,156,1
43,193,4
122,38,8
330,99,7
37,243,4
125,267,9
143,337,5
241,141,1
325,72,7
221,42,8
330,251,7
335,187,7
38,81,4
44,45,4
188,222,3
189,340,5
239,197,2
326,282,7
258,48,8
123,91,1
261,347,5
333,110,7
205,32,8
166,149,1
224,42,8
194,36,8
231,272,6
137,89,1
140,263,9
136,184,10
196,65,1
210,224,3
148,113,1
47,296,4
34,74,4
49,64,4
268,195,2
36,123,4
136,347,5
68,51,8
179,73,1
109,347,5
118,43,8
141,256,9
117,36,8
283,38,8
259,216,2
183,221,3
261,64,1
327,144,7
333,235,7
305,38,13
208,237,3
336,243,7
45,85,4
71,336,5
334,223,7
150,66,1
149,133,1
245,265,6
133,102,1
322,273,7
135,186,10
243,199,2
134,111,1
267,93,1
320,178,7
149,194,10
282,346,5
121,189,10
222,74,1
183,174,1
241,34,8
233,40,8
50,274,4
130,181,10
94,47,8
259,80,1
65,339,5
197,75,1
131,46,8
248,113,1
272,97,1
245,262,6
251,69,1
236,117,1
189,194,1
163,348,5
116,338,5
214,339,5
175,243,3
259,74,1
179,68,1
79,338,5
149,104,1
217,74,1
236,41,8
121,246,9
145,210,10
225,148,1
217,175,1
259,190,2
69,339,5
174,170,1
324,140,7
162,342,5
102,339,5
75,335,5
165,161,1
195,173,1
289,345,5
43,134,4
334,351,7
106,338,5
43,97,4
138,119,1
337,217,7
250,70,1
140,278,9
262,219,2
258,65,1
188,48,8
34,112,4
226,40,8
148,277,9
43,199,4
33,158,4
222,334,5
171,81,1
242,146,1
236,154,1
111,349,5
328,246,7
41,128,4
326,314,7
48,78,4
328,116,7
230,260,6
162,344,5
269,87,1
42,219,4
228,46,8
264,218,2
115,338,5
46,182,4
267,89,1
48,149,4
144,199,10
213,72,1
110,286,9
120,95,1
332,258,7
142,205,10
278,348,5
175,149,1
246,294,6
275,339,5
130,188,10
239,202,2
46,120,4
247,208,2
239,47,8
235,343,5
155,46,8
174,67,1
326,326,7
252,62,1
184,177,1
335,212,7
137,119,1
247,341,5
189,43,8
187,252,3
47,257,4
326,100,7
327,179,7
34,167,4
330,315,7
193,221,3
212,177,1
185,242,3
40,239,4
41,103,4
284,344,5
331,286,7
253,186,2
276,42,8
188,250,3
205,66,1
286,79,1
244,64,1
76,349,5
106,263,9
329,261,7
143,81,1
166,349,5
326,337,7
143,334,5
249,217,2
142,116,1
246,284,6
156,350,5
328,269,7
50,192,4
178,169,1
59,345,5
44,178,4
66,342,5
242,343,5
238,278,6
42,345,5
321,185,7
330,90,7
103,284,9
167,144,1
253,187,2
142,267,9
137,342,5
132,112,1
236,69,1
189,70,1
333,345,7
305,336,5
36,187,4
189,47,8
136,44,8
204,176,1
320,76,7
234,34,8
129,181,10
273,87,1
271,276,6
266,63,1
266,208,2
40,79,4
216,64,1
187,224,3
114,260,9
254,190,2
193,173,1
129,301,9
37,285,4
330,104,7
246,125,1
331,156,7
131,79,1
36,113,4
45,345,5
324,112,7
335,98,7
341,318,7
33,193,4
222,80,1
229,75,1
155,41,8
255,38,8
53,342,5
218,176,1
201,77,1
168,142,1
329,323,7
41,182,4
209,34,8
227,40,8
43,349,5
256,46,8
281,273,6
194,69,1
168,343,5
37,69,4
259,250,6
248,331,5
40,106,4
145,212,10
288,336,5
145,37,8
145,95,1
118,266,9
250,273,6
35,345,5
337,178,7
208,224,3
223,45,8
173,47,8
149,197,10
178,219,3
124,204,10
140,268,9
305,33,13
39,134,4
239,79,1
75,45,8
175,236,3
181,156,1
221,50,8
113,291,9
187,179,1
48,211,4
322,214,7
245,204,2
274,290,6
42,246,4
33,36,4
243,297,6
333,264,7
274,75,1
327,52,12
186,221,3
299,340,5
150,71,1
211,348,5
328,287,7
39,52,4
191,193,1
34,324,11
176,241,3
338,247,7
34,338,5
332,183,7
186,185,1
44,279,4
223,349,5
132,254,9
233,77,1
126,51,8
183,348,5
38,272,4
277,73,1
335,248,7
251,214,2
204,349,5
205,236,3
101,346,5
261,209,2
172,172,1
242,46,8
257,185,2
43,187,4
126,347,5
218,143,1
189,337,5
323,235,7
168,77,1
114,198,10
243,202,2
264,113,1
264,187,2
260,209,2
171,135,1
76,39,8
46,175,4
206,247,3
327,202,7
242,39,8
340,311,7
141,203,10
98,340,5
181,244,3
131,218,10
135,213,10
271,247,6
243,42,8
145,333,5
39,137,4
209,161,1
38,124,4
244,267,6
249,298,6
253,36,8
224,276,6
328,35,12
192,252,3
118,276,9
304,28,13
40,204,4
326,323,7
169,81,1
118,93,1
154,280,9
112,342,5
231,334,5
181,219,3
30,65,4
207,331,5
176,38,8
41,291,4
125,186,10
147,337,5
322,94,7
223,70,1
229,161,1
128,346,5
271,46,8
266,37,8
233,260,6
119,209,10
91,37,8
222,151,1
254,189,2
182,239,3
131,269,9
257,332,5
181,80,1
38,200,4
169,40,8
329,311,7
178,79,1
50,248,4
260,338,5
203,168,1
328,101,7
58,324,11
44,323,11
208,155,1
44,224,4
238,200,2
138,44,8
320,214,7
135,267,9
268,202,2
114,267,9
245,35,8
325,194,7
327,147,7
158,277,9
188,176,1
126,214,10
253,78,1
117,187,10
276,344,5
226,347,5
91,47,8
285,42,8
189,339,5
237,67,1
40,290,4
176,72,1
321,195,7
51,112,4
335,125,7
320,158,7
145,83,1
140,79,1
235,202,2
198,42,8
48,228,4
328,305,7
36,177,4
258,185,2
182,71,1
116,44,8
39,67,4
325,315,7
195,189,1
180,239,3
219,69,1
212,81,1
145,346,5
187,223,3
61,341,5
329,319,7
271,335,5
213,38,8
254,257,6
245,254,6
268,297,6
326,155,7
265,337,5
333,72,7
107,37,8
180,232,3
239,129,1
248,210,2
218,37,8
199,245,3
286,334,5
300,18,13
266,111,1
191,343,5
197,192,1
136,72,1
245,112,1
135,296,9
260,104,1
206,45,8
132,185,10
209,36,8
275,100,1
102,42,8
121,181,10
326,244,7
117,83,1
174,339,5
247,128,1
143,212,10
331,300,7
87,345,5
145,296,9
148,287,9
183,68,1
119,47,8
217,81,1
153,116,1
217,146,1
204,252,3
144,75,1
327,78,7
45,140,4
116,185,10
286,349,5
334,300,7
133,334,5
321,192,7
180,244,3
274,188,2
125,86,1
37,72,4
83,349,5
90,336,5
329,169,7
237,208,2
147,342,5
242,258,6
45,202,4
36,232,4
164,151,1
168,147,1
233,137,1
138,215,10
48,336,5
262,77,1
320,187,7
237,200,2
47,340,5
233,37,8
283,69,1
337,278,7
234,36,8
211,43,8
328,126,7
320,123,7
152,197,10
96,339,5
263,86,1
207,191,1
196,334,5
204,334,5
111,77,1
49,197,4
232,343,5
325,209,7
157,70,1
65,337,5
180,44,8
225,132,1
243,209,2
133,108,1
273,41,8
47,299,4
252,182,2
327,124,7
262,262,6
171,343,5
211,68,1
242,66,1
234,123,1
323,347,7
277,92,1
270,296,6
121,47,8
149,280,9
156,346,5
335,158,7
325,316,7
62,336,5
114,190,10
232,127,1
160,148,1
142,44,8
327,44,12
226,346,5
238,332,5
230,141,1
188,52,8
147,78,1
49,57,4
251,63,1
337,96,7
179,36,8
208,170,1
33,49,4
147,40,8
47,285,4
327,118,7
166,344,5
201,69,1
45,70,4
146,185,10
331,327,7
331,36,12
36,125,4
321,289,7
269,343,5
253,97,1
117,86,1
141,185,10
156,146,1
199,253,3
249,117,1
115,41,8
192,340,5
276,95,1
267,199,2
252,33,8
153,255,9
213,46,8
331,39,12
323,41,12
330,229,7
254,112,1
282,67,1
126,80,1
203,80,1
327,177,7
338,288,7
129,335,5
116,74,1
324,245,7
144,182,10
232,349,5
237,40,8
324,38,12
51,170,4
330,93,7
245,247,6
182,216,3
187,341,5
43,220,4
171,44,8
46,272,4
245,69,1
262,186,2
200,39,8
215,50,8
133,94,1
331,119,7
277,78,1
171,157,1
50,122,4
229,136,1
164,141,1
329,88,7
320,83,7
133,101,1
232,291,6
129,208,10
254,267,6
240,47,8
259,89,1
266,96,1
140,107,1
238,185,2
133,75,1
209,181,1
329,318,7
92,48,8
264,51,8
52,165,4
42,242,4
114,262,9
214,348,5
274,50,8
196,336,5
161,52,8
179,166,1
166,154,1
272,335,5
243,271,6
42,333,5
148,111,1
253,346,5
40,71,4
172,156,1
122,205,10
190,78,1
143,284,9
138,189,10
82,41,8
256,214,2
259,212,2
221,39,8
224,154,1
233,122,1
253,121,1
145,207,10
333,236,7
39,97,4
260,281,6
210,158,1
75,339,5
267,104,1
72,344,5
250,182,2
148,279,9
267,196,2
324,99,7
280,346,5
129,84,1
180,161,1
162,346,5
31,73,4
226,155,1
245,74,1
327,106,7
122,40,8
249,212,2
334,301,7
187,221,3
123,196,10
125,42,8
329,83,7
259,48,8
135,71,1
150,48,8
273,35,8
189,348,5
158,118,1
178,67,1
47,302,4
48,49,4
168,78,1
210,232,3
194,188,1
244,114,1
252,114,1
130,42,8
254,46,8
130,303,9
271,91,1
335,339,7
36,182,4
136,116,1
120,209,10
41,58,4
328,184,7
230,46,8
237,120,1
42,155,4
325,193,7
334,141,7
128,295,9
137,42,8
329,336,7
240,123,1
160,281,9
330,284,7
192,175,1
42,215,4
31,40,4
141,217,10
45,142,4
218,158,1
160,70,1
213,51,8
36,349,5
47,53,4
325,112,7
64,48,8
178,45,8
49,208,4
279,263,6
221,154,1
189,220,3
47,214,4
195,174,1
253,131,1
183,71,1
186,239,3
262,190,2
39,74,4
120,82,1
34,60,4
198,194,1
198,191,1
36,229,4
194,248,3
141,110,1
210,341,5
45,47,4
248,216,2
35,189,4
217,41,8
203,184,1
207,82,1
56,325,11
48,216,4
47,347,5
336,341,7
145,47,8
282,82,1
96,344,5
250,212,2
122,264,9
147,194,10
102,335,5
210,164,1
129,350,5
202,164,1
233,338,5
331,177,7
245,348,5
180,171,1
235,70,1
254,304,6
248,206,2
239,193,2
336,116,7
254,303,6
272,194,2
177,332,5
191,49,8
278,278,6
240,210,2
321,37,12
205,65,1
115,343,5
251,336,5
222,65,1
190,223,3
270,93,1
168,168,1
147,201,10
328,197,7
258,64,1
329,91,7
103,46,8
321,262,7
262,265,6
203,73,1
199,220,3
45,69,4
115,74,1
51,85,4
252,340,5
200,225,3
208,238,3
153,145,1
134,212,10
42,60,4
44,240,4
186,192,1
147,102,1
146,205,10
80,339,5
155,50,8
41,261,4
330,345,7
260,113,1
51,125,4
326,269,7
125,286,9
338,315,7
204,36,8
243,50,8
271,102,1
321,111,7
158,343,5
152,44,8
40,254,4
197,338,5
223,46,8
246,194,2
251,115,1
324,153,7
320,259,7
57,321,11
338,204,7
243,126,1
71,344,5
326,186,7
30,53,4
173,155,1
330,175,7
256,183,2
122,287,9
207,46,8
219,338,5
320,185,7
242,49,8
138,211,10
152,347,5
193,80,1
182,72,1
86,40,8
159,141,1
268,348,5
309,45,13
304,42,13
29,79,4
36,140,4
37,269,4
269,88,1
43,74,4
40,207,4
249,191,2
186,171,1
327,243,7
285,73,1
331,197,7
282,91,1
273,76,1
242,202,2
247,62,1
227,162,1
126,95,1
231,73,1
117,182,10
330,272,7
33,137,4
185,239,3
328,50,12
208,230,3
205,338,5
169,152,1
196,217,3
262,117,1
43,343,5
195,49,8
329,329,7
217,73,1
298,329,5
119,204,10
49,184,4
131,69,1
225,142,1
251,102,1
157,265,9
271,329,5
148,128,1
123,338,5
167,333,5
181,344,5
245,190,2
229,133,1
272,83,1
51,233,4
141,294,9
63,48,8
263,91,1
195,182,1
329,322,7
323,264,7
39,155,4
268,87,1
322,136,7
215,43,8
252,283,6
185,217,3
190,246,3
46,95,4
195,79,1
43,283,4
334,212,7
324,331,7
204,339,5
260,116,1
168,75,1
48,290,4
252,38,8
41,264,4
41,42,4
234,70,1
132,281,9
93,43,8
203,182,1
233,148,1
269,335,5
179,155,1
144,215,10
227,161,1
44,197,4
59,347,5
323,121,7
16,324,11
157,147,1
54,346,5
36,133,4
235,44,8
292,338,5
265,195,2
288,337,5
177,227,3
269,63,1
222,141,1
50,140,4
178,244,3
44,184,4
45,186,4
30,67,4
323,148,7
155,333,5
161,153,1
110,70,1
233,342,5
165,145,1
223,149,1
207,172,1
149,206,10
126,88,1
209,158,1
332,75,7
324,197,7
35,337,5
45,115,4
243,123,1
271,76,1
205,185,1
97,39,8
181,336,5
40,306,4
150,203,10
202,178,1
324,127,7
42,114,5
262,73,1
218,341,5
331,144,7
184,341,5
124,96,1
270,281,6
275,280,6
249,348,5
117,302,9
321,251,7
178,346,5
50,303,4
255,346,5
135,337,5
93,342,5
38,56,4
176,68,1
187,173,1
204,52,8
148,112,1
45,112,4
331,237,7
100,50,8
333,87,7
190,216,3
152,115,1
329,332,7
224,286,6
127,102,1
230,156,1
341,331,7
326,275,7
274,343,5
253,101,1
142,128,1
189,41,8
201,335,5
50,232,11
196,193,1
89,46,8
158,144,1
34,114,4
178,153,1
50,48,4
144,341,5
332,108,7
271,204,2
110,267,9
283,66,1
248,188,2
261,114,1
253,42,8
174,81,1
131,214,10
51,250,4
41,187,4
155,123,1
74,47,8
213,237,3
252,75,1
39,201,4
202,253,3
124,39,8
52,172,4
177,220,3
334,192,7
51,231,4
146,302,9
48,166,4
60,324,11
42,77,4
231,51,8
181,239,3
123,210,10
285,51,8
255,62,1
222,81,1
33,109,4
156,139,1
212,47,8
257,210,2
335,197,7
46,105,4
170,174,1
89,345,5
86,48,8
283,46,8
175,233,3
190,169,1
97,336,5
243,143,1
324,220,7
144,189,10
322,39,12
102,38,8
35,322,11
231,78,1
39,229,4
261,45,8
36,58,4
251,182,2
39,252,4
150,129,1
202,332,5
199,36,8
327,160,7
43,157,4
322,250,7
279,43,8
177,51,8
331,345,7
34,47,4
128,82,1
42,48,4
239,284,6
244,72,1
80,38,8
72,45,8
130,251,9
279,39,8
247,106,1
235,199,2
143,51,8
100,345,5
177,339,5
328,323,7
239,116,1
106,342,5
325,97,7
332,175,7
267,110,1
319,235,7
242,76,1
337,249,7
214,65,1
152,82,1
233,45,8
273,100,1
188,178,1
37,59,4
253,70,1
330,136,7
46,325,11
106,347,5
330,299,7
41,248,4
285,43,8
244,185,2
267,273,6
327,175,7
180,338,5
153,80,1
195,338,5
118,334,5
34,142,4
46,290,4
44,337,5
267,262,6
333,317,7
331,320,7
259,338,5
209,156,1
146,197,10
173,37,8
48,325,11
189,202,1
195,247,3
262,331,5
45,286,4
333,138,7
332,250,7
262,97,1
141,189,10
253,107,1
267,98,1
185,234,3
146,125,1
133,264,9
323,158,7
199,224,3
277,347,5
139,44,8
177,48,8
122,278,9
289,346,5
204,217,3
291,345,5
165,44,8
136,294,9
285,48,8
39,56,4
39,209,4
221,334,5
116,341,5
189,36,8
51,76,4
235,335,5
262,193,2
44,335,5
41,112,4
129,188,10
178,163,1
216,339,5
43,200,4
324,284,7
47,227,4
154,70,1
171,148,1
130,261,9
266,288,6
257,93,1
210,172,1
285,49,8
182,160,1
284,83,1
257,217,2
253,277,6
334,142,7
131,85,1
328,168,7
49,111,4
46,153,4
180,345,5
141,276,9
137,238,9
225,147,1
172,67,1
44,211,4
110,81,1
151,192,10
320,103,7
230,125,1
335,285,7
81,341,5
304,18,13
196,73,1
222,344,5
119,190,10
322,342,7
117,345,5
153,344,5
248,121,1
243,48,8
335,257,7
136,216,10
143,102,1
43,322,11
47,136,4
230,67,1
222,148,1
83,49,8
183,341,5
134,269,9
188,168,1
238,118,1
329,114,7
43,83,4
323,156,7
115,191,10
288,45,8
268,339,5
286,33,8
274,284,6
210,344,5
270,192,2
230,48,8
270,39,8
174,347,5
227,167,1
210,38,8
233,50,8
163,140,1
131,302,9
160,48,8
278,336,5
249,344,5
140,208,10
323,320,7
110,44,8
238,257,6
46,312,4
41,338,5
187,164,1
270,199,2
187,217,3
337,245,7
166,160,1
65,347,5
145,77,1
326,342,7
251,79,1
209,190,1
240,144,1
166,66,1
130,103,1
244,142,1
241,123,1
115,72,1
50,76,4
173,51,8
255,217,2
187,249,3
38,149,4
251,52,8
331,108,7
151,116,1
118,68,1
136,213,10
132,186,10
162,153,1
246,187,2
229,139,1
227,164,1
140,259,9
62,345,5
166,342,5
326,98,7
108,337,5
223,144,1
46,54,4
219,350,5
48,321,11
138,339,5
61,323,11
265,202,2
323,72,7
180,71,1
115,76,1
42,274,4
118,91,1
51,324,11
150,142,1
111,73,1
275,68,1
118,337,5
50,194,4
40,164,4
285,70,1
261,188,2
270,34,8
329,284,7
268,76,1
321,229,7
183,236,3
172,334,5
56,332,5
121,92,1
51,138,4
44,99,4
336,95,7
192,74,1
132,91,1
212,40,8
219,143,1
194,193,1
186,193,1
325,262,7
228,346,5
323,141,7
269,204,2
231,262,6
339,213,7
23,324,11
296,348,5
227,80,1
234,341,5
46,221,4
325,166,7
148,203,10
149,263,9
171,74,1
121,198,10
320,131,7
272,193,2
110,339,5
329,118,7
235,331,5
331,241,7
205,250,3
79,46,8
148,81,1
277,44,8
52,325,11
62,321,11
181,183,1
250,208,2
321,81,7
155,73,1
275,36,8
265,44,8
205,229,3
189,192,1
162,334,5
58,338,5
141,345,5
49,207,4
208,156,1
336,253,7
214,340,5
245,300,6
276,89,1
334,153,7
20,322,11
206,349,5
207,220,3
225,340,5
159,137,1
179,171,1
190,76,1
150,197,10
165,41,8
41,155,4
119,181,10
192,350,5
328,310,7
262,37,8
147,36,8
121,204,10
222,146,1
211,219,3
260,119,1
158,46,8
241,339,5
164,153,1
238,201,2
142,94,1
146,74,1
330,51,12
153,122,1
325,333,7
43,91,4
259,92,1
242,284,6
323,333,7
49,263,4
198,184,1
326,315,7
156,124,1
267,45,8
211,164,1
178,164,1
151,132,1
179,188,1
256,78,1
37,192,4
257,207,2
330,202,7
169,170,1
218,161,1
138,73,1
129,207,10
208,249,3
242,206,2
326,260,7
339,342,7
183,248,3
252,102,1
138,210,10
45,88,4
261,341,5
120,342,5
203,193,1
141,97,1
134,86,1
326,241,7
141,51,8
99,46,8
126,210,10
238,260,6
116,270,9
150,132,1
326,211,7
47,241,4
151,118,1
333,266,7
56,324,11
154,109,1
211,238,3
212,71,1
149,38,8
262,78,1
67,44,8
34,288,4
141,349,5
114,201,10
38,163,4
257,274,6
235,345,5
253,270,6
329,87,7
78,340,5
201,189,1
125,336,5
221,45,8
191,248,3
191,179,1
334,328,7
320,126,7
158,66,1
135,182,10
38,67,4
50,127,4
39,263,4
265,40,8
216,176,1
149,256,9
89,44,8
307,346,5
38,342,5
170,173,1
142,202,10
242,340,5
213,48,8
231,298,6
207,224,3
153,141,1
225,279,6
302,25,13
123,344,5
269,93,1
199,35,8
258,290,6
279,62,1
184,50,8
157,129,1
201,195,1
244,129,1
194,48,8
257,110,1
267,108,1
47,282,4
253,130,1
261,43,8
49,170,4
201,243,3
51,308,4
325,139,7
127,208,10
136,120,1
214,171,1
219,334,5
205,249,3
121,98,1
264,336,5
246,192,2
216,159,1
149,75,1
281,36,8
231,134,1
131,209,10
302,331,5
47,127,4
256,48,8
38,219,4
226,65,1
266,197,2
219,80,1
187,181,1
281,42,8
37,242,4
204,247,3
39,283,4
158,259,9
161,157,1
178,341,5
171,138,1
255,72,1
115,51,8
265,270,6
183,72,1
170,155,1
28,322,11
74,346,5
268,98,1
338,266,7
83,34,8
117,336,5
125,98,1
138,109,1
232,134,1
126,40,8
201,343,5
214,156,1
340,334,7
260,191,2
248,340,5
327,97,7
269,200,2
134,50,8
72,336,5
331,220,7
224,36,8
174,143,1
248,43,8
50,66,4
207,168,1
42,266,4
262,69,1
252,72,1
39,322,11
198,344,5
329,110,7
330,86,7
102,350,5
333,268,7
260,347,5
328,218,7
302,347,5
126,186,10
36,138,4
217,281,6
131,263,9
75,42,8
323,114,7
43,282,4
39,343,5
217,159,1
334,169,7
221,138,1
102,348,5
172,168,1
332,264,7
210,233,3
150,348,5
47,73,4
75,39,8
277,70,1
183,223,3
185,38,8
217,348,5
134,98,1
121,255,9
141,78,1
226,72,1
177,234,3
35,174,4
133,347,5
247,189,2
42,130,4
135,275,9
190,79,1
153,272,9
232,334,5
184,49,8
183,83,1
239,33,8
42,275,4
254,208,2
204,183,1
152,127,1
153,191,10
32,171,4
150,273,9
333,164,7
113,340,5
271,274,6
221,145,1
138,82,1
331,265,7
166,81,1
44,141,4
259,339,5
136,332,5
75,345,5
206,230,3
39,120,4
36,211,4
36,350,5
124,257,9
192,49,8
168,337,5
35,177,4
244,340,5
320,288,7
252,104,1
131,67,1
207,162,1
267,198,2
45,212,4
229,151,1
331,199,7
161,129,1
280,288,6
218,179,1
201,222,3
268,203,2
182,154,1
109,341,5
331,273,7
246,182,2
123,89,1
334,98,7
322,177,7
85,44,8
329,288,7
135,88,1
122,186,10
301,38,13
170,41,8
150,108,1
185,199,1
267,270,6
38,96,4
267,298,6
175,39,8
325,84,7
43,120,4
223,141,1
245,66,1
207,232,3
195,179,1
120,202,10
180,80,1
286,339,5
335,217,7
241,195,2
142,193,10
36,192,4
235,191,2
78,342,5
326,288,7
172,140,1
329,289,7
172,40,8
163,269,9
57,344,5
246,299,6
166,163,1
97,44,8
240,122,1
138,100,1
263,213,2
248,336,5
189,343,5
144,252,9
47,255,4
188,177,1
257,335,5
234,155,1
152,147,1
320,181,7
242,182,2
40,250,4
329,307,7
41,215,4
149,50,8
144,345,5
185,224,3
287,38,8
202,79,1
223,170,1
323,50,12
125,204,10
91,41,8
193,343,5
138,85,1
250,258,6
132,81,1
245,205,2
267,68,1
140,97,1
215,70,1
244,124,1
149,127,1
37,84,4
248,190,2
168,34,8
47,82,4
50,142,4
274,76,1
261,338,5
202,193,1
332,287,7
210,229,3
273,81,1
209,173,1
126,83,1
223,163,1
132,295,9
200,49,8
42,52,4
321,316,7
43,235,4
156,340,5
209,177,1
333,184,7
260,334,5
324,329,7
32,325,11
46,191,4
338,191,7
155,116,1
143,71,1
222,159,1
331,78,7
277,74,1
142,124,1
87,35,8
279,92,1
158,71,1
141,309,9
340,338,7
124,189,10
86,338,5
179,75,1
54,347,5
159,155,1
163,287,9
267,37,8
247,282,6
61,337,5
95,51,8
231,338,5
18,322,11
289,34,8
249,99,1
333,193,7
170,164,1
322,199,7
40,187,4
194,70,1
189,218,3
156,117,1
122,201,10
41,133,4
47,254,4
180,216,3
274,201,2
160,151,1
257,42,8
267,105,1
46,190,4
184,37,8
240,265,6
201,338,5
333,322,7
55,322,11
48,226,4
216,43,8
167,71,1
334,126,7
254,95,1
210,222,3
329,338,7
257,94,1
26,322,11
160,137,1
70,44,8
128,183,10
45,61,4
246,45,8
178,235,3
250,209,2
168,158,1
148,246,9
41,85,4
201,239,3
296,340,5
135,87,1
143,125,1
197,71,1
262,103,1
188,77,1
48,243,4
246,255,6
250,335,5
321,157,7
144,131,1
246,135,1
211,232,3
119,197,10
277,330,5
35,130,4
276,41,8
137,186,10
49,67,4
42,73,4
261,119,1
44,278,4
335,336,7
265,190,2
51,332,5
335,232,7
328,301,7
196,248,3
128,110,1
111,40,8
248,349,5
48,214,4
322,208,7
116,346,5
46,248,4
147,110,1
33,96,4
151,49,8
184,233,3
262,291,6
44,287,4
328,156,7
185,238,3
210,226,3
212,163,1
38,325,11
83,339,5
143,302,9
127,67,1
127,215,10
217,345,5
62,341,5
151,51,8
218,142,1
219,150,1
230,38,8
242,128,1
302,343,5
289,343,5
178,160,1
38,118,4
264,84,1
239,277,6
71,45,8
247,139,1
103,38,8
324,75,7
176,177,1
48,117,4
37,114,4
83,44,8
43,126,4
129,38,8
140,251,9
126,207,10
331,155,7
38,312,4
185,333,5
35,131,4
64,46,8
195,192,1
51,301,4
46,213,4
177,185,1
134,263,9
254,214,2
192,334,5
156,43,8
112,41,8
36,148,4
268,190,2
223,166,1
207,233,3
152,340,5
238,188,2
187,244,3
262,189,2
42,119,4
209,51,8
114,186,10
134,216,10
172,141,1
236,295,6
195,199,1
142,127,1
75,51,8
160,155,1
208,67,1
196,82,1
129,260,9
160,127,1
40,139,4
167,72,1
229,71,1
179,341,5
335,242,7
324,85,7
324,82,7
133,250,9
127,184,10
209,187,1
264,34,8
84,342,5
68,52,8
38,120,4
259,349,5
180,167,1
38,338,5
269,62,1
160,160,1
324,129,7
320,149,7
107,342,5
323,295,7
116,207,10
238,51,8
96,41,8
321,49,12
225,139,1
197,334,5
131,88,1
323,266,7
259,215,2
161,294,9
269,186,2
219,151,1
328,223,7
292,340,5
140,113,1
331,301,7
280,38,8
48,51,4
175,163,1
40,98,4
50,247,4
328,332,7
38,80,4
43,340,5
53,339,5
258,187,2
48,37,4
200,199,1
320,116,7
267,47,8
42,152,4
130,70,1
188,224,3
244,106,1
39,243,4
283,330,5
52,339,5
219,140,1
155,290,9
133,117,1
136,87,1
136,80,1
264,36,8
259,273,6
59,335,5
182,173,1
241,210,2
131,84,1
275,98,1
335,237,7
265,200,2
329,282,7
266,302,6
224,271,6
169,162,1
166,145,1
203,189,1
247,118,1
52,323,11
319,196,7
133,37,8
193,199,1
114,281,9
139,106,1
324,170,7
210,174,1
242,67,1
208,229,3
184,44,8
270,43,8
210,240,3
273,77,1
236,51,8
169,160,1
298,339,5
329,48,12
136,302,9
47,309,4
40,112,4
157,334,5
273,257,6
170,136,1
255,113,1
185,46,8
320,299,7
125,259,9
321,254,7
266,196,2
159,338,5
39,214,4
321,223,7
325,221,7
124,70,1
265,82,1
330,254,7
328,278,7
231,247,6
320,278,7
208,73,1
49,42,4
246,35,8
325,107,7
146,294,9
259,254,6
331,245,7
48,118,4
216,341,5
267,67,1
162,75,1
259,99,1
44,344,5
152,106,1
46,297,4
336,131,7
116,199,10
154,114,1
267,71,1
206,242,3
47,80,4
335,155,7
168,141,1
119,188,10
33,76,4
183,335,5
327,173,7
255,66,1
133,116,1
206,70,1
332,49,12
117,348,5
152,140,1
147,190,10
329,69,7
40,221,4
148,68,1
51,342,5
43,110,4
262,281,6
259,219,2
179,39,8
40,229,4
123,69,1
201,201,1
70,50,8
37,109,4
274,190,2
141,90,1
161,41,8
40,57,4
228,36,8
259,69,1
45,55,4
47,109,4
43,179,4
50,143,4
255,276,6
273,80,1
138,90,1
267,83,1
248,42,8
183,339,5
328,283,7
144,100,1
47,244,4
325,291,7
267,95,1
38,148,4
329,254,7
322,118,7
170,172,1
229,341,5
47,323,11
326,227,7
175,164,1
42,75,4
332,132,7
272,334,5
119,349,5
213,68,1
152,348,5
250,101,1
330,142,7
243,334,5
151,39,8
40,84,4
201,172,1
298,340,5
74,42,8
148,269,9
45,99,4
235,67,1
176,71,1
205,217,3
141,266,9
181,346,5
276,47,8
208,82,1
149,76,1
