0.48770657769657094,0.3376238124108725
0.43907521682772244,0.5297227648791116
0.42785550965505564,0.5207960544765211
0.5592665900801549,0.43862005011264354
0.7271966135856733,0.4049527752271875
0.794057767476739,0.3253216567139801
0.5211623318097821,0.4387596717640271
0.4668620948334947,0.6365962925839737
0.697483838950721,0.20122155476140652
0.47959599506692285,0.4508425675741162
0.5482943368427242,0.7585539289772082
0.5398401172436104,0.7101247765064164
0.4463381541545817,0.7583963748750029
0.4977649839111806,0.54309609991464
0.21934323580130288,0.5289185180645348
0.2902755597692267,0.5417128101194143
0.4167260674402953,0.4624836701394879
0.496299542961441,0.5475340317759259
0.6794928971455988,0.257408280967369
0.6637052874064352,0.4325379424983119
0.5308733026260443,0.41426699470767137
0.5360151934798847,0.6727391422729074
0.5469757794033211,0.5519765744841094
0.5859450864736533,0.7075975943906408
0.5569847128551483,0.4897511020672465
