0.48770429722134107,0.337622263894455
0.43905906136319345,0.5297150527172123
0.42785560559252306,0.5207960952057398
0.5593135382889893,0.4386353614866159
0.7271229428845359,0.404956786705206
0.7940591029584443,0.32530890826836845
0.5213951311942654,0.43869544290116896
0.46686620602913736,0.6366859201996992
0.6974686839908336,0.20121804387186368
0.4795932177783043,0.4508441627094893
0.5482951946333201,0.7585538608001785
0.5398374432709329,0.7100942911057055
0.4463374209312771,0.7583998621367742
0.49776406754347036,0.5431026723898867
0.21934403169634775,0.5289071944195913
0.2902830378706173,0.541715081075332
0.41662147524110316,0.4625148709465932
0.4962940957921395,0.5475437294042749
0.6794906951950421,0.25741701001000106
0.6636467436533027,0.43251058801425496
0.5308509116282415,0.41427922934763056
0.5360120085198948,0.672758823432401
0.5469819474002221,0.5519808736632932
0.5859507796101363,0.7075695684244497
0.5569689263715288,0.489729910782287
