0.48679906744408435,0.34149055849123977
0.4416011015229033,0.5310319985616719
0.427803034927848,0.5207751410835847
0.5562615404560542,0.43567157376025734
0.7107643478980429,0.4094849091747189
0.7951100651600786,0.32564924853917154
0.5329621394464563,0.4303514704448762
0.46654081199507225,0.6585727142846484
0.6969380145211361,0.20005710684413777
0.48020729454153976,0.4505423666186543
0.5430783534853931,0.7540437360163965
0.539344933370201,0.7076178420249077
0.4471192315280639,0.7569974455177273
0.49462419691594084,0.5406811807041862
0.21941785058348823,0.529179724488521
0.29016175484789875,0.5403323029474625
0.41081486822899566,0.4654239883335615
0.4976451977648576,0.5482633149822274
0.678095676327554,0.25924081236932156
0.6644468366524636,0.43363144260793246
0.5437187913275123,0.40832826491318097
0.5391151506770011,0.6747446807137603
0.5480767277335614,0.5534167160410924
0.5856702199058921,0.7059684222767831
0.5576484741711222,0.4884690243416033
