0.48770835778036914,0.33762393824010034
0.43908537228876804,0.5297276426613108
0.4278554941217049,0.5207960304474972
0.5592413051224568,0.4386116067934502
0.7272136126500098,0.40495962842773786
0.7940569460482974,0.32532973509314705
0.5210839419013151,0.4387809812325035
0.46686013839268564,0.6365638586029064
0.6974922231895114,0.2012234247887777
0.4795974141755237,0.4508417516823597
0.5482937637569522,0.7585539909701107
0.5398410019110569,0.7101348736237613
0.44633767310769495,0.7583954782450831
0.497762705578731,0.5430896698109269
0.21934333644734402,0.5289224298435261
0.29027111025521496,0.5417106525400863
0.4167680983932542,0.46247331983581735
0.496302828727316,0.5475293085584938
0.6794939908323778,0.2574026998492696
0.6637386228281368,0.4325531905900222
0.5308784100668132,0.4142634667950619
0.5360123795252583,0.6727300938270454
0.5469744911476091,0.5519761513139829
0.5859421180408618,0.7076143249878631
0.5569939997198281,0.4897603631424357
