0.5437298089727909,0.4717029628983746
0.46335051190872395,0.5419757015529766
0.1822003743862372,0.465051190427007
0.5698816294828379,0.38941283074597227
0.5284578743235889,0.45038799700586
0.8126144551184104,0.44988506378862936
0.524637058886604,0.4407894592581672
0.822710722476979,0.8202178648998374
0.7908804786021782,0.1179135504130801
0.20306757365039088,0.5670338662929452
0.5500309855641776,0.4450160098291771
0.6502721803719513,0.8614438832520193
0.5208794459773453,0.8257466968369257
0.6509113051969828,0.5469093935030052
0.12605136464289488,0.9128393292498366
0.4728476963942377,0.47278147819890076
0.19075591579228857,0.5095698710242121
0.5092406068425268,0.4807143469540444
0.6003372315043507,0.37549180538279836
0.3721746788278308,0.3953578994233626
0.15442486011971537,0.5713198767769111
0.4275939629105141,0.5011410301947026
0.5602457941041656,0.5289700502687895
0.5591279067254059,0.5323577557456624
0.615981508664722,0.8345964265501579
