0.48634747710016746,0.3421566958333753
0.44106754584442287,0.5306380647405572
0.42737723073080625,0.5206060472405007
0.5567924241182135,0.4356743378975408
0.7029988450598639,0.4050578963798219
0.7948985836153049,0.3258061456442174
0.558999695188449,0.42571440833205276
0.46561566517066255,0.6617702147095009
0.6969475298908442,0.19908506670167525
0.4879517536518199,0.44727318040391245
0.5428905891882705,0.754161541533194
0.5409825205682225,0.7119199279762042
0.4488187076188406,0.7556417786847415
0.4944420355112307,0.5398660529086359
0.21948899612998576,0.5281598765426788
0.2900903985923507,0.540420174778891
0.41410697238947053,0.468852696802638
0.49634063532584466,0.5460089841784833
0.67777224271157,0.2591785160893131
0.661771877938784,0.43350437258195545
0.5161631327510356,0.42116497216640164
0.5400997639146278,0.6733568050905303
0.5488649259213629,0.5527330646737745
0.5861346795659924,0.7084200376037627
0.5600987932596392,0.491312856073043
