0.4748760907075771,0.4326377787907277
0.44054939661264303,0.5291428176721013
0.42187705190710206,0.5191470874958807
0.5916766082908708,0.4103633283839049
0.5779726813018791,0.44521226192108027
0.8038726818398958,0.3150866143531099
0.534248150726681,0.4254392013700578
0.5061690376127308,0.6526197424842575
0.6973218029938739,0.19706750589107858
0.49855994333797193,0.4416239927604285
0.5550392195190715,0.7179086886406918
0.5396640648599761,0.7138154695286609
0.4470735675243523,0.7239149458629742
0.502408446102961,0.5576178877642912
0.313084164706717,0.5055489573249125
0.28513407662695645,0.543689290169857
0.430575739743024,0.46512015254616207
0.48268087379367713,0.5110621465378241
0.6565794032241662,0.2798768538919017
0.6470389153349777,0.4477633838706097
0.5420830253527609,0.40416910947792645
0.5439333704395758,0.7045982110953334
0.5503751299969509,0.5584018008103052
0.6021302269053979,0.7024553169001096
0.5892570589562943,0.46782919082963786
