0.4765404769486737,0.41526458901065666
0.4498686049072563,0.5336418048748242
0.42192832821042225,0.517858086384759
0.5845678075822935,0.41164546670428137
0.5842774253737695,0.43950675186907545
0.7995829751201339,0.31812790470696095
0.5486644519137583,0.4194289745803484
0.4947247216208147,0.6807056135908535
0.6966465483858855,0.19739677693342483
0.4939344021653778,0.4442160519786978
0.5344874569325399,0.7352617712329558
0.535342048187755,0.7147325615362177
0.4505707059078605,0.7493454203841831
0.5195404733630824,0.5387063265390452
0.3017548208122295,0.507780633121108
0.27378098074895396,0.5369852605461389
0.422293236829681,0.46901393448189643
0.47500254923688595,0.5145936307331729
0.6600750309526796,0.2762308107455661
0.6522457056630581,0.45049831992060835
0.5363823961940056,0.4070569439714795
0.5806197025552698,0.7659096810265044
0.5408722450245879,0.5460192069236638
0.5910743117725356,0.7050020983189165
0.5829811856971333,0.47308802317731213
