0.4877200124156615,0.3376240009646945
0.43913736997471503,0.5297526523532239
0.427854647325066,0.5207956840095244
0.5591211198063852,0.43857079377024005
0.7272439017632272,0.4050143680336332
0.7940497605540635,0.32537091804641954
0.5207944735627933,0.43885923583402875
0.46685092398966826,0.6364491059606916
0.697531330913477,0.20123158254246817
0.47960369912684,0.4508381345911648
0.5482907430795748,0.7585544745834086
0.5398482522259896,0.7101863398679494
0.4463310825006435,0.7583958242228909
0.4977505948815047,0.5430582962398632
0.21934521989060254,0.5289357424606999
0.290248164937451,0.5416962338207899
0.4169517288175151,0.46243444526612565
0.49631884838395235,0.5475107827281283
0.6794983814433495,0.25737115765954416
0.6639023369808705,0.43262579650214433
0.5308889000850624,0.41425272486527165
0.5359908800662189,0.6726880127341669
0.5469715671279526,0.5519776509729657
0.5859278578051743,0.7076970118158011
0.5570380143402482,0.4897973355309115
