0.48772900575580813,0.3376239917623509
0.43917087162622903,0.5297687740828629
0.4278534706516002,0.5207952814112217
0.5590490138989036,0.4385458988475133
0.7272464942556057,0.4050561700434182
0.7940428236751458,0.3253969048742076
0.5206381034116491,0.4389017862045316
0.4668453485998528,0.6364011935399891
0.6975541630688848,0.20123597842351218
0.47960721422934305,0.45083610961934767
0.5482887434175152,0.7585548054235259
0.5398550850835643,0.7102225798505858
0.44632452183768684,0.758398799956707
0.4977434032679051,0.5430399264290252
0.21934688847777234,0.5289419723242741
0.29023325741119815,0.5416850947761089
0.4170641050590346,0.46241266981073004
0.49632866594894154,0.5475022370261908
0.6795002924099753,0.2573492250739108
0.6640031553613784,0.4326692344066115
0.5308909801525443,0.41424803245765757
0.5359747671030184,0.6726627927660549
0.546971164749682,0.5519802196141442
0.585918981749336,0.7077480007062372
0.5570640749889312,0.48981568286758337
