0.48770010016535337,0.33760784405830896
0.43905710504037426,0.5297144647996784
0.4278569712766738,0.5207961506581849
0.5593643495824425,0.4386501282137259
0.7268716352074718,0.40503834935996924
0.7940666051516331,0.32530250021680024
0.5220619668607243,0.4385121564746859
0.4668761449274475,0.6370447632290563
0.6974556392369451,0.20121495091864683
0.4795897878399972,0.4508461273779109
0.548293887210701,0.7585494032559142
0.5398148576695297,0.7098999368431002
0.4463378886128419,0.7584044829976399
0.49771137179206526,0.543054752742433
0.21934874774111826,0.5288784027223341
0.2902881739974539,0.5417111331772484
0.41637242491012083,0.46260755654047875
0.4962926330620601,0.5475548197152275
0.6794876296666211,0.25742224578229594
0.6635973026910549,0.43248668751923225
0.5307632547291514,0.4143203431522984
0.5359453393659954,0.6728197093425687
0.5470172536938198,0.552011121703415
0.5859592936850473,0.707529539573408
0.556962743788385,0.4896752774993153
