0.4726861448281681,0.4890216096101911
0.44668960446348593,0.5241706187696261
0.41806207509406673,0.527892147108372
0.6460007138767979,0.40178629289549284
0.5589823300833173,0.4365839526292595
0.808098562693676,0.294299263164538
0.4920568078563704,0.440571935722049
0.5455286545384217,0.6036597724048243
0.6977004629828705,0.19700576931058345
0.4844689672171184,0.44755156529050305
0.5224759559378449,0.7195455224122355
0.5494814267203907,0.7026994520916677
0.4308677839562927,0.6976721677677975
0.4844427889867083,0.5536781082137334
0.29798702570006114,0.5030835181414024
0.33132275226781455,0.5392930654658196
0.4711585880748875,0.4409889619152971
0.4759369989135388,0.5222236992015382
0.6939069465774329,0.29232239640391783
0.6217656496180416,0.450842466880172
0.31087676249998997,0.5122472108074794
0.4255272997014614,0.5459426643997403
0.5711097664245596,0.5954553577483039
0.6252957338063995,0.6151083124398324
0.6131189734357588,0.5742300694681318
