0.4864543611283766,0.3385670391549863
0.43916440120723527,0.5297701031093456
0.42785135573888483,0.520792627526713
0.5594967723208967,0.4380973277161878
0.7267362187928044,0.40487605287546863
0.7941224753353275,0.32526232297648855
0.5250040781850246,0.4378207687751826
0.46684789608338223,0.640467922960984
0.697445580603845,0.20120949485169207
0.479589517723052,0.4508462870921519
0.546284663125977,0.7562518356566237
0.539688211557681,0.7085176370722367
0.44769909174688777,0.7570817419486517
0.4974493092990172,0.542757513712585
0.2193996898781139,0.5286742718571042
0.29025565400126513,0.5416249492072035
0.41550516890198963,0.46302428197185563
0.496358561744775,0.5476211506422884
0.6797136318885837,0.2578727031962669
0.6635782643002506,0.4324747543628314
0.5303331738489674,0.4145149144404656
0.5361008765115202,0.6733355314332783
0.5471570312550652,0.5521443468386793
0.5854190406005028,0.7046183669208403
0.5570085449083566,0.489518861782038
