0.4877242176140022,0.337623996923284
0.4391534428272959,0.5297603865022059
0.4278541365020409,0.5207955058946326
0.5590860336398122,0.4385587169868827
0.7272461112870561,0.4050340300749347
0.7940466341841191,0.32538344802622565
0.5207176259123233,0.438880109851094
0.466848216404777,0.6364240771753573
0.697542488291074,0.20123376172021928
0.47960542856258914,0.4508371384595947
0.5482897885362933,0.7585546366505187
0.5398513551374782,0.7102034718077401
0.44632810871378775,0.7583970418318619
0.49774710229016655,0.543049335840628
0.21934599488943385,0.5289388831734948
0.2902410152230292,0.5416910267386087
0.4170059629145053,0.4624238154751593
0.4963235979592729,0.5475064079168431
0.6794993863067985,0.25736073365695317
0.6639511773948235,0.4326469331244424
0.5308902006578152,0.4142503279699804
0.5359832991946467,0.6726757557493538
0.5469712584563727,0.5519787580483703
0.585923581101075,0.7077216972343889
0.5570507063964042,0.48980656833630215
