0.4829396593548936,0.3711942357371064
0.4340203862654025,0.5268755584439903
0.42479642774069537,0.5192491636191042
0.5658204756731766,0.4144243131671972
0.6818082715813244,0.405302333338095
0.7936888371868238,0.32472948519592154
0.564030490885672,0.41809359055316664
0.47304770632115856,0.7123297060833601
0.6981763502349378,0.1970602917663329
0.4752884828042634,0.4546429459934501
0.5499639602332175,0.7605789445845571
0.5488635439152313,0.7246568565381017
0.4507774232291842,0.7553972833056734
0.48763474064834994,0.5145923262408909
0.23204963537554738,0.5298846845158526
0.290883006697753,0.5448490703806784
0.43709703930504096,0.4609666304563196
0.4907843675589293,0.5394201815816988
0.6622239204606153,0.2746080905533425
0.6536086634823881,0.4475547423249695
0.4993929335201049,0.42611038734948126
0.5348567402802221,0.6579088300776567
0.5470293627070539,0.549694860951669
0.5882590623223862,0.7130169794996492
0.5671627686850096,0.4744657903991534
