0.487713219274941,0.33762399760440676
0.4391090350087954,0.5297390207660619
0.4278552736630379,0.5207959202731033
0.5591852315512343,0.43859267826272935
0.7272337446104578,0.4049821886882348
0.7940542766783968,0.32534857232462905
0.520940853056604,0.4388196384729808
0.46685584685213183,0.6365040304643338
0.6975106568169364,0.20122737737494575
0.4796004270089827,0.4508400183833194
0.5482924031802785,0.7585541917941141
0.539843709208766,0.7101575350188235
0.44633535954644266,0.7583948269135079
0.4977570332839231,0.5430748972266178
0.2193440262795532,0.528929300700782
0.2902607183579167,0.5417046452668751
0.41685422848088455,0.4624543113288453
0.4963102630949418,0.5475199254185322
0.679496210650844,0.2573888739586002
0.6638142190037948,0.4325871142402791
0.5308848641253423,0.4142577847370762
0.5360033811393683,0.6727104016676746
0.5469727114873352,0.5519763546629384
0.5859355177306586,0.7076524971392326
0.5570146617487832,0.48977878232064764
