0.4853212360717002,0.3593796526557083
0.4397011808806036,0.5296062860723856
0.42507685723208216,0.5194764322734908
0.5567639233048686,0.42050056929526997
0.691981308946514,0.4096655482543795
0.7922812761250884,0.32425198854523785
0.5809785494453686,0.41229483903105096
0.46578496035661915,0.6690399402108983
0.6982860260686269,0.19737550786699634
0.46982550751432295,0.45688299114444697
0.5470910288086472,0.7590674202025253
0.5453696406583955,0.7205270866640722
0.4491796606873457,0.7545748782187752
0.49146533878022164,0.5301971423868417
0.2194307523006467,0.5292905163607673
0.2902267509633527,0.5434739137538103
0.44564155431648156,0.4578112731019658
0.49486726294910693,0.5449505513072608
0.6749128582290224,0.27284225748290775
0.6579888464969986,0.43857793850743665
0.47688409354629374,0.4366033492757273
0.5428728799821211,0.663552706381252
0.5473234496006967,0.5506010401706823
0.5883090619457276,0.713387183943136
0.5624343683154153,0.4838206606714398
