0.48770521701241,0.33762343324536154
0.43906629943908254,0.5297184925293235
0.4278555166758416,0.5207960711921384
0.5592904392800659,0.43862791603800505
0.7271697075183353,0.40495060569795904
0.7940583945808412,0.32531461020169444
0.5212580614242429,0.4387334036431665
0.46686402641865793,0.6366336258909074
0.697475996113537,0.20121975938280168
0.47959461159026984,0.45084336251210677
0.5482948276057928,0.7585538928394651
0.5398392160786645,0.7101133177814754
0.446338134368873,0.7583977381061219
0.4977661476747987,0.5431011501609564
0.21934340072161096,0.5289137661270057
0.29027953527054695,0.541714350966021
0.4166800416622326,0.46249639286889205
0.4962965933242949,0.5475388023064106
0.679491809114303,0.257413042466394
0.6636747290529963,0.43252376793405795
0.5308652416827955,0.414271751673461
0.5360159147842479,0.6727481817910945
0.5469778193563614,0.5519777615259186
0.5859479130075292,0.7075825668794551
0.5569762450157245,0.48974137478505514
