0.4877344070449341,0.3376239875713417
0.43918971390878725,0.5297778426466534
0.42785263210633145,0.5207950056179265
0.5590101833553737,0.4385323711494732
0.727245068081667,0.40508086471831467
0.7940382403435492,0.3254112952032981
0.5205559720436128,0.4389242616620582
0.4668423285274657,0.6363809195575043
0.6975663184947717,0.2012382199109317
0.47960904981556207,0.45083505169179516
0.5482876019235855,0.758554974264184
0.5398594991822002,0.7102437702807652
0.4463202807408589,0.7584011458386021
0.4977394738830503,0.5430300621719542
0.21934789971312046,0.5289450038791499
0.29022487927776974,0.5416783972306536
0.41712623329771903,0.4624010047554328
0.496334059295999,0.5474983333610837
0.6795010590766276,0.25733661518508755
0.6640581581112902,0.4326926462687025
0.5308911770425535,0.41424586268407376
0.5359652270232534,0.6726491429704187
0.5469713212295554,0.5519820762976487
0.5859140417820553,0.707775894749487
0.5570781098505607,0.48982459747142104
