0.48771056334391993,0.33762398201089805
0.43909664475726246,0.5297330618561495
0.4278554246492099,0.5207959882741192
0.559214242328143,0.4386024994911577
0.7272253036291974,0.4049696324236018
0.7940558083987774,0.3253387187606134
0.5210118127755218,0.43880048269380084
0.4668580664126268,0.6365333523412893
0.6975011599441687,0.20122536679802525
0.47959888881904733,0.45084090347826034
0.5482931190559461,0.7585540794410953
0.5398421592751748,0.7101455660837963
0.4463367447268725,0.7583949625339329
0.4977599865584476,0.5430825339895213
0.21934361252797493,0.5289259560104204
0.2902661711623479,0.5417079329001099
0.41681017018181027,0.46246377603952943
0.4963064053591214,0.5475246031351091
0.6794950977344978,0.2573962486736216
0.6637748932568642,0.43256956801190805
0.5308820479496812,0.4142604959525309
0.5360083457178566,0.6727205626270074
0.5469735128785169,0.5519761137169005
0.5859389394457479,0.7076326300021539
0.5570039934661596,0.4897695537983208
