0.4716179428317514,0.4660388903265013
0.4534524490209008,0.5331172150377952
0.4066664722610546,0.5164073962820838
0.6239916911031442,0.4031058456452966
0.5780873911201161,0.448499159054204
0.809863919761404,0.3112285871191636
0.5182364990527636,0.43314212332452146
0.49331743386025995,0.613219503062723
0.6959435774435164,0.19832763721694938
0.489845906587756,0.44375634971518385
0.5679863625389384,0.7102921804467035
0.532963400247449,0.6916766251752012
0.4497564691308795,0.6919480443456781
0.4939999411981754,0.5761252324932796
0.3232684827675585,0.4993102817802917
0.2983371032919246,0.5477618110971011
0.46171786809156384,0.45025007970320036
0.4751938459604041,0.5156251837807666
0.6617210977394717,0.29084871362635245
0.635297000363876,0.4474426948345074
0.48163859640909107,0.4259075424314641
0.48318160164449836,0.6206942520753663
0.5570469480028442,0.5693311308863396
0.6331678931414856,0.6462579654131493
0.5957071611872963,0.46522265450438355
