0.4877036634738722,0.3376186707718986
0.43905478661262415,0.5297130983109869
0.42785597502593814,0.5207961369585753
0.5593372650035476,0.4386426633440245
0.7270358588163386,0.4049797963300534
0.79406073885294,0.3253050859556965
0.521625443165715,0.43863156978152973
0.4668694687852768,0.6367861856565097
0.6974618960179624,0.20121642670689605
0.4795917035783613,0.45084503090284855
0.5482952772351053,0.7585536085916572
0.5398320636781092,0.7100469192047852
0.4463358616973543,0.7584032266813421
0.4977521446498296,0.5430939270726832
0.21934554270472592,0.5288967732626237
0.29028604627989385,0.5417144968519946
0.41653206015386945,0.4625464644482823
0.4962923086578634,0.5475490580751755
0.6794894826703048,0.25742011105308593
0.6636210624022186,0.4324982778368131
0.530822851646525,0.41429277225040606
0.5359960070223956,0.6727766017923853
0.5469919672519272,0.5519892308325148
0.5859542028740999,0.7075579230173068
0.5569636761426624,0.4897125926645842
