0.48599537816835625,0.34782818598301807
0.43976118672897613,0.5296772134832474
0.4274700335380798,0.5206726932097809
0.5591172015415746,0.42512023396973353
0.6981110383293735,0.40090192662730656
0.7928241534604854,0.326867688869494
0.5848402918149326,0.4106406135395308
0.4637444620493051,0.6617470198178274
0.6977959371398021,0.19789080522901034
0.4703304315228823,0.45659762894159706
0.5443155170323833,0.7552081881162716
0.5421048688523941,0.7154601871758917
0.4503254464007491,0.7553710773140959
0.4946174571313325,0.5400148959431165
0.2188992678023136,0.529300728738706
0.28865960318469847,0.542639128452621
0.4137263632271836,0.4683457871215847
0.49377634377063123,0.5429716506169778
0.6842769158385913,0.2641471418346143
0.6543302434668382,0.437044573817877
0.519796078691909,0.42059109958560176
0.5414158769877833,0.671056453158918
0.548741936867247,0.5525974886392488
0.587733264536393,0.7129049175450929
0.5626958171308322,0.4927515049487613
