0.48088541630251574,0.39154683752645214
0.4348907410921705,0.5270177256185992
0.4245229824849756,0.5182049808796577
0.564925085453389,0.4110250446748138
0.653488579786107,0.4122764795690876
0.795635750721263,0.3270462232377468
0.560443942137107,0.41493448901814317
0.47219655960335605,0.6844353913308442
0.6976175547934977,0.19685776678543138
0.4855240200148319,0.4489654519765427
0.5499388222670375,0.7603967959931843
0.5393960584555408,0.7132652046665141
0.4502856274621909,0.757980877063153
0.5119484833882545,0.5307511887657893
0.24793192236445358,0.5230290876421575
0.2862894355261551,0.5403523273850274
0.4236372796083252,0.468887222870572
0.5009804910459716,0.5277290888119592
0.6625930864844002,0.26971471219882287
0.6578447388428396,0.4544317535034254
0.522507154288387,0.41343945747310895
0.5482892407018545,0.7006608240087021
0.5425978558433471,0.5447949070753929
0.5839945487730426,0.7129350520095546
0.5750692464565836,0.47553738185445493
