0.48765193115732103,0.3375733685482169
0.4390781294807962,0.529725486248603
0.42785715855720485,0.5207958809359083
0.559400360930507,0.43865681063301476
0.7265969742226358,0.40516456806822515
0.7940907120389743,0.3252831830569537
0.5229636764838974,0.43827329027696754
0.46688823557505327,0.6378770296164817
0.6974509119826992,0.2012133604154197
0.4795872315690138,0.4508475884903154
0.5482635378174904,0.758447462893609
0.539778516006989,0.7094385500803875
0.44641237031671976,0.7583385403943016
0.4976082570762047,0.54294035144931
0.21935630569196263,0.5288404331336884
0.29028389421735573,0.5416956201855694
0.41605957500207147,0.4627378169523295
0.496316862767767,0.5475511279493469
0.67947388515878,0.2574308829843467
0.6635760086991327,0.43247899213713276
0.5306232898805532,0.4143837867425471
0.5358001040052975,0.6729282097001507
0.5470657273114456,0.5520549951968069
0.5859611991147579,0.707282900825483
0.5569648716199372,0.48956845082462236
