0.4865529467658634,0.3392812434927522
0.43955402157677914,0.5299733798121578
0.4278329519637328,0.5207837785370419
0.5593263775665006,0.43793819844622717
0.7220878056018338,0.4037995188642524
0.7942144258318979,0.3248761874507728
0.5290857017074554,0.43736577388937814
0.4668447375324348,0.6474752719005159
0.6974013054589384,0.20118378355460012
0.4796239374929502,0.4508266437690099
0.5426445349424438,0.7533836040587185
0.5394622870934738,0.7059996260702598
0.44747526620311306,0.7576129998598515
0.4967898192828045,0.5430021456720776
0.21918179501854232,0.529885902869891
0.29009165028551265,0.5413024551058954
0.4153343025600675,0.4631637234596859
0.49666262410484313,0.5478524481287328
0.6790519571170547,0.2585941867260299
0.6636380229215532,0.4324513526769104
0.530725675707848,0.41434299586648093
0.5394471556292038,0.6757188924638853
0.5471385756751093,0.552184578319362
0.5848656073155183,0.7024979193751995
0.556786934986674,0.4891298304154996
