0.4867457389573089,0.5048773958593279
0.4289446667204378,0.5214603064194928
0.3745909883754871,0.5247001512106759
0.6467805017635397,0.39049102520570816
0.5054725253796839,0.4511435251263742
0.8187481592594468,0.31349020306034525
0.489720979148335,0.4385364370118738
0.5766598747985293,0.5832791799233794
0.6754294191653826,0.20969434457420197
0.5271050136860129,0.42962969301679477
0.5457373614801776,0.7003466801018847
0.6309692844952988,0.7686997870090128
0.5254709674112226,0.8327192522376603
0.5250185824001855,0.5566911863928561
0.2042021210944465,0.5351125401494695
0.3925145983982375,0.5191486331901277
0.4770891120867238,0.4490890084896999
0.45842770055783244,0.5269700282322863
0.7009794285734959,0.30076169034759703
0.5880550111408176,0.44322507697923624
0.3731517565758053,0.45872090142471217
0.42368353196416947,0.5419645261208605
0.5407345072297476,0.5982054627359981
0.5534853949292797,0.6250602620266786
0.5964137131926134,0.6790960629849783
