0.4877163576091276,0.3376240020219662
0.43912258934662657,0.5297455410091406
0.4278550205770144,0.5207958205416023
0.5591541961956691,0.43858211425195176
0.7272398236273551,0.4049971059331095
0.794052283511525,0.3253592994648277
0.5208687471114808,0.4388391215997286
0.4668534674967603,0.6364758710210382
0.6975207156439105,0.20122945154260613
0.479602030840476,0.45083909519587934
0.5482916127998781,0.758554324773489
0.5398457214895314,0.7101710703469639
0.44633348541057505,0.758395100742836
0.4977539010098851,0.5430668150654019
0.21934456348349765,0.5289325515100256
0.2902547249657677,0.5417007589579982
0.41690124469373785,0.46244458687945017
0.49631440723933123,0.5475153049726531
0.6794973130480776,0.2573805252578795
0.6638566848054257,0.4326058540102436
0.5308871206320416,0.414255208844513
0.5359975612608457,0.6726995589140566
0.5469720595967734,0.5519768605776473
0.5859318303904419,0.7076739494849427
0.5570260006320606,0.48978805472185544
