0.7375678703783504,0.17756596946430145,5
0.6926656899077824,0.5861795075456712,2
0.35585624407480826,0.4073779895860912,3
0.7108506420753253,0.8997440649545495,11
0.7159355339136431,0.17527137940164153,4
0.31750409376885286,0.17712470214455917,14
0.03456002757907437,0.6542229282499339,16
0.7497199000258553,0.15435530844585651,5
0.3601654744462639,0.6660488924190274,17
0.5138326294923726,0.3831082870002647,0
0.5744204085150392,0.30597475950931075,8
0.1859863828320262,0.27490954019945285,13
0.32327846246660347,0.675756773453358,12
0.22054641041110057,0.24154973082693496,22
0.8901146255278807,0.13617509487247376,8
0.3961906403516332,0.6632247815726768,7
0.6727570455916574,0.591121701526785,2
0.35275359820736013,0.5455829141293795,21
0.3251745238300439,0.22919424587415052,14
0.46410411100577437,0.48451151707704526,0
0.11221235887270534,0.6265995940340658,6
0.09971559079548394,0.6615479657576561,6
0.5184004136861156,0.3102991792427853,18
0.6643971386710332,0.598623245962404,2
0.9236404378178057,0.3614861883328921,5
0.842368353012152,0.455476127438002,5
0.23933465483064725,0.43553084458565,15
0.9107127467034386,0.5716176859941752,3
0.3088856330259415,0.1688288765334039,15
0.820391278117728,0.7946341893919336,22
0.9145910540377488,0.5483187715117819,18
0.5625269326898216,0.8306416026829053,7
0.20615358097043865,0.4603300679551673,1
0.07704903904162715,0.6266878474980143,16
0.5183142290786865,0.27773365104580355,8
0.8391795225372748,0.7953402171035213,24
0.5120227527363613,0.4406495454946607,21
0.9001120399896578,0.29158944488571176,6
0.33120744635008187,0.3975818550878122,3
0.948289235542532,0.550260347718648,3
0.21640954925450312,0.20360074132909714,17
0.8782211497026631,0.08287000264760394,8
0.8913212100318882,0.1985702938840349,9
0.18495216754287686,0.4089665519371635,2
0.8693441351374643,0.3707528020474804,5
0.3549943980005171,0.37613626334833644,18
0.8708954580711884,0.26184802753508074,4
0.9000258553822287,0.4516812284882182,5
0.9500991122985434,0.5794722442855883,18
0.07739377747134363,0.6225399346924367,9
0.32448504697061104,0.19945282852351956,15
0.3040592950099112,0.685552907951637,12
0.7987589416530207,0.1440296531638867,5
0.49418253899853476,0.2235460241814491,0
0.7342066706886149,0.17094695966816698,5
0.5071964147203308,0.27623334215867973,3
0.5000430923037146,0.363780778395552,0
0.5818322847539429,0.3320977848380549,8
0.34663449107989314,0.1930985791192304,15
0.5618374558303887,0.4036713441002559,0
0.8708092734637594,0.4330597475950931,5
0.7520468844264414,0.17138822698790926,18
0.8139274325605447,0.7532433148001059,22
0.8892527794535896,0.3688112258406142,5
0.7579074377316211,0.16679904686258934,5
0.8507282599327759,0.3892860294766569,4
0.46419029561320346,0.42105727649810254,0
0.35878652072739803,0.37966640190627476,19
0.5035766612083081,0.18330244462095133,0
0.7626475911402223,0.1758009001853323,5
0.8471085064207532,0.09840261230253289,18
0.6574161854692752,0.8986850233871679,11
0.1808153063862794,0.2226634895419645,24
0.7879858657243816,0.7690406848468803,24
0.8914073946393174,0.2473744594475333,20
0.5581315177109368,0.8793575147824553,12
0.49418253899853476,0.4056129203071221,0
0.49340687753167284,0.5492013061512664,21
0.5406360424028269,0.43694290000882535,7
0.9557011117814358,0.5497308269349571,19
0.6857709213134534,0.8940075897978996,23
0.8370249073515469,0.08313476303944932,8
0.7742825131431526,0.16485747065572326,5
0.2919072653624063,0.6814049951460595,12
0.4757390330087046,0.5041037860736034,21
0.3319831078169439,0.6776100961962757,12
0.12212358872705334,0.6859941752713794,9
0.4505731276394036,0.23775483187715116,0
0.2214082564853917,0.4723325390521578,2
0.031543566319055416,0.8544700379489895,15
0.6645695078858915,0.6305709999117465,1
0.3771438421097992,0.4429441355573206,18
0.5606308713263811,0.8817403583090636,0
0.8222873394811686,0.7535963286558998,13
0.22425234853055245,0.41840967257964873,1
0.33224166163923124,0.16865236960550697,14
0.47074032577781605,0.19371635336686963,7
0.5309833663707662,0.8647956932309594,7
0.47608377143842107,0.31038743270673375,0
0.37490304231664223,0.386991439413997,3
0.8703783504266137,0.0469508428205807,8
0.821080754977161,0.8129026564292648,17
0.3169008015168491,0.43738416732856766,3
0.17573041454796173,0.2199276321595623,13
0.12203740411962423,0.6129203071220545,16
0.8895113332758768,0.44365016326890827,5
0.35421873653365504,0.6440737798958609,7
0.32586400068947685,0.6018886241284971,12
0.11850383521503058,0.22548760038831525,17
0.4725502025338274,0.5654399435177832,23
0.08868396104455743,0.9219839378695613,15
0.1277255882099457,0.8822698790927543,4
0.8148754632422649,0.09407819256905833,8
0.3522364905627855,0.6574000529520784,12
0.7209342411445315,0.1780954902479922,5
0.6955097819529432,0.9045097520077664,23
0.7808325433077652,0.20307122054540638,5
0.53546496595708,0.42820580707792777,0
0.6481082478669309,0.6203335980937251,15
0.3231060932517452,0.3936987026740799,19
0.6480220632595018,0.8918895066631366,23
0.9042489011462552,0.23960815462006885,9
0.42178746875807976,0.5751478245521137,23
0.7935016805998449,0.18030182684670373,17
0.048091010945445156,0.6689612567293267,16
0.856071705593381,0.052334304121436755,8
0.5745065931224683,0.2945018091960109,8
0.628371972765664,0.6166269526078899,15
0.08178919245022837,0.6176859941752714,16
0.49926743083685243,0.42043950225046334,0
0.5163319831078169,0.38646191863030627,18
0.8206498319400155,0.16997617156473394,5
0.8651210893734378,0.7746006530756333,22
0.6951650435232267,0.9067160886064778,23
0.10255968284064466,0.9312505515841497,15
0.8577953977419632,0.4174388844762157,5
0.24829785400327503,0.4477980760744859,1
0.4977161079031284,0.23696055070161504,18
0.8153063862794104,0.7461830376842291,13
0.3852451952081358,0.568881828611773,10
0.4348013444798759,0.5011031682993558,23
0.632164095492545,0.5790309769658459,1
0.22097733344824613,0.24975730297414175,22
0.8104800482633802,0.5033977583620157,23
0.8127208480565371,0.7929573735769129,22
0.25122813065586486,0.45556438090195045,1
0.05576144100663622,0.6271291148177566,20
0.33629233818839954,0.2108375253728709,15
0.6722399379470827,0.9398111375871503,23
0.5433077652331293,0.8483805489365458,13
0.529345858829613,0.8278174918365545,7
0.1907265362406274,0.2652899126290707,22
0.10178402137378265,0.6153914041126115,9
0.48754632422649313,0.2923837260612479,8
0.7518745152115832,0.24463860206513108,5
0.3063000948030682,0.17880151795957988,14
0.5327070585193484,0.2999735239608155,19
0.43678359045074544,0.1309681404995146,0
0.45091786606912004,0.41090812814402966,0
0.3105231405670947,0.6704615656164504,7
0.8799448418512453,0.38407907510369776,5
0.585710592088253,0.30156208631188774,18
0.8901146255278807,0.45724119671697117,24
0.08687408428854604,0.9481069631983056,14
0.4749633715418426,0.3851381166710794,0
0.9653537878134965,0.5251081104933368,17
0.6821511678014306,0.8984202629953225,23
0.3713694734120486,0.4185861795075457,3
0.8188399551840041,0.7894272350189745,13
0.8986469016633628,0.5084282058070779,18
0.7951391881409979,0.154443561909805,5
0.34603119882788935,0.4482393433942282,3
0.853830905800224,0.44709204836289823,4
0.3660260277514436,0.422292824993381,18
0.9030423166422477,0.5520254169976171,24
0.4753942945789882,0.18118436148618833,0
0.8810652417478237,0.8031065219309858,22
0.48909764716021714,0.21348512929132465,0
0.06972334741015253,0.6430147383284794,6
0.0,0.6435442591121702,24
0.3880892872532965,0.6848468802400494,12
0.49314832370938544,0.2693495719706998,8
0.8245281392743256,0.8067249139528727,22
0.23743859346720672,0.2620245344629777,15
0.8721020425751961,0.4224693319212779,3
0.806687925536499,0.7867796311005207,24
0.5772645005602,0.30200335363163006,18
0.5455485650262863,0.25443473656341015,18
0.8960613634404895,0.5857382402259289,3
0.21313453417219685,0.4378254346483099,2
0.8507282599327759,0.1468537640102374,8
0.18150478324571231,0.274556526343659,17
0.544514349737137,0.32309593151531196,8
0.3524088597776437,0.38046068308181097,18
0.6374213565457209,0.599947047921631,1
0.41489270016375074,0.578060188862413,17
0.3917952253727484,0.5944753331568264,23
0.6450056019994829,0.586356014473568,2
0.15220201671981382,0.9120995499073338,15
0.41489270016375074,0.5249316035654399,23
0.37791950357666115,0.6331303503662519,11
0.8722744117900543,0.47559791721825084,4
0.6238903731793501,0.5858264936898773,1
0.23114711712488148,0.21410290353896386,17
0.8085839868999397,0.7621569146589003,13
0.5409807808325433,0.8517341805665872,12
0.8722744117900543,0.7669226017121171,22
0.7543738688270275,0.13052687317977232,4
0.6310436955959665,0.5874150560409496,2
0.5020253382745842,0.27182066896125673,19
0.5697664397138671,0.8722972376665784,12
0.09807808325433078,0.6386020651310564,20
0.8770145651986555,0.4124966904951019,4
0.6531069550978196,0.8905657047039096,11
0.886494872015858,0.45318153737534195,5
0.47530810997155903,0.2114552996205101,0
0.8597776437128328,0.568881828611773,19
0.4771179867275704,0.2853234489453711,18
0.12832888046194948,0.9072456093901685,4
0.36645695078858914,0.6991439413997,12
0.6836163061277256,0.9124525637631277,21
0.6289752650176678,0.7956932309593151,24
0.21666810307679046,0.2275174300591298,13
0.9058864086874083,0.24154973082693496,6
0.29130397311040246,0.7116759332803813,12
0.8235801085926053,0.40393610449210127,5
0.7845384814272172,0.15726767275615566,5
0.8991640093079375,0.4163798429088342,5
0.547616995604585,0.3101226723148884,8
0.7914332500215461,0.232547877504192,5
0.05067654916831855,0.6634012885005737,9
0.907868654658278,0.5807077927808667,19
0.0824786693096613,0.9102462271644163,14
0.8217702318365939,0.06327773365104582,8
0.2430405929500991,0.21798605595269613,13
0.3429285529604412,0.15126643720766042,14
0.4984055847625613,0.21472067778660314,18
0.9511333275876928,0.5433765775306681,3
0.9020942859605274,0.24958079604624483,9
0.8574506593122467,0.5349042449916159,18
0.5594242868223736,0.30941664460330065,8
0.09419977592002067,0.6699320448327597,20
0.8435749375161595,0.4094078192569058,5
0.923898991640093,0.24869826140676018,24
0.09850900629147633,0.6526343658988615,20
0.1959837972938033,0.24975730297414175,17
0.9022666551753856,0.25911217015267846,9
0.8124622942342496,0.7867796311005207,14
0.5629578557269671,0.32221339687582734,8
0.453158665862277,0.20668961256729326,0
0.708351288459881,0.9032742035124878,23
0.8229768163406016,0.4162033359809373,4
0.18822718262518315,0.4180566587238549,14
0.09463069895716626,0.9097167063807255,14
0.3073343100922175,0.6824640367134409,12
0.10376626734465223,0.902921189656694,14
0.3957597173144876,0.5793839908216397,11
0.6699129535464966,0.869737887212073,11
0.3562871671119538,0.6963198305533492,12
0.6661208308196156,0.6168917129997352,1
0.5208135826941308,0.28161680345953577,8
0.3715418426269068,0.6611066984379137,0
0.8527105059036456,0.7745123996116847,13
0.47858312505386535,0.19283381872738503,0
0.6764629837111092,0.5628805930632778,2
0.7568732224424717,0.9182772923837261,10
0.613892958717573,0.6255405524666843,2
0.3441351374644488,0.43570735151354695,3
0.5012496768077221,0.19371635336686963,0
0.8660691200551581,0.27393875209601976,6
0.22864776350943722,0.2533756949960286,22
0.3410324915970008,0.47277380637190014,3
0.3347410152546755,0.20033536316300415,14
0.5268465052141686,0.18136086841408525,0
0.3953287942773421,0.6673726943782543,7
0.3166422476945618,0.7584502691730651,12
0.18314229078686547,0.2727032036007413,22
0.5840730845470998,0.33748124613891095,18
0.027837628199603552,0.6358662077486542,20
0.8905455485650262,0.5199894095843263,19
0.2096871498750323,0.20668961256729326,22
0.8998534861673704,0.31480010590415675,16
0.8143583555976902,0.7850145618215516,22
0.5616650866155305,0.30747506839643457,8
0.2579505300353357,0.20580707792780867,14
0.8700336119968972,0.3875209601976877,4
0.7611824528139274,0.11737710705145177,23
0.5160734292855296,0.17235901509134233,17
0.7918641730586917,0.8013414526520166,13
0.8917521330690339,0.314094078192569,9
0.766181160044816,0.152148971847145,5
0.3295699388089287,0.17253552201923925,15
0.10273205205550288,0.8983320095313742,15
0.547703180212014,0.8364663313035037,12
0.6040679134706541,0.8509398993910512,12
0.760837714384211,0.16018003706645487,4
0.48909764716021714,0.23890212690848112,7
0.9137292079634577,0.31382931780072365,9
0.45109023528397824,0.1909804959844674,0
0.5472722571748686,0.27623334215867973,8
0.2935447729035594,0.41311446474274116,19
0.5790743773162114,0.8665607625099285,13
0.5275359820736015,0.8287882799399876,12
0.5709730242178747,0.855529079516371,12
0.9198483150909247,0.5258141382049245,19
0.5222787210204257,0.2637896037419468,18
0.8806343187106782,0.4385314623598976,5
0.05360682582090839,0.9023034154090548,14
0.6679307075756269,0.8811225840614244,21
0.4555718348702921,0.5708234048186391,4
0.43661122123588725,0.4070249757302974,0
0.5066793070757563,0.19662871767716883,3
0.3025079720761872,0.19654046421322036,15
0.30035335689045933,0.43385402877062923,19
0.08971817633370681,0.9144823934339423,15
0.12333017323106091,0.8944488571176419,17
0.9075239162285615,0.08895949166004766,8
0.11203998965784712,0.949342511693584,14
0.3493923985176247,0.1683876092136616,15
0.6736188916659485,0.9076868767099109,21
0.32776006205291736,0.7062042185155767,0
0.47522192536412994,0.24640367134410027,0
0.8445229681978799,0.7755714411790663,22
0.22580367146427646,0.3889330156208631,2
0.7605791605619235,0.16009178360250642,5
0.5377919503576661,0.30526873179772307,17
0.6600879082995776,0.6010943429529608,24
0.8678789968111695,0.4085252846174212,5
0.10488666724123072,0.5917394757744241,16
0.2495906231147117,0.25999470479216313,22
0.34232526070843744,0.6685199894095843,12
0.4720330948892527,0.24534462977671875,0
0.4354908213393088,0.1894801870973436,0
0.09488925277945359,0.6088606477804254,16
0.660346462121865,0.9143941399699939,23
0.10807549771610789,0.6123025328744154,11
0.44040334396276826,0.2266348954196452,0
0.5467551495302939,0.31321154355308445,8
0.6829268292682927,0.65272261936281,1
0.6991295354649659,0.6373665166357779,1
0.5325346893044902,0.2558467919865855,0
0.37473067310178404,0.45980054717147645,3
0.3226751702145997,0.44012002471096995,3
0.5472722571748686,0.852263701350278,12
0.3393949840558476,0.40058247286205984,3
0.7602344221322072,0.18453799311622984,4
0.5067654916831854,0.4504456799929398,18
0.9408773593036284,0.5018974494748918,3
0.738084978022925,0.19362809990292115,5
0.19710419719038177,0.4429441355573206,2
0.2019305352064121,0.45679992939722885,2
0.5165905369301043,0.2587591562968846,0
0.700767043006119,0.13326273056217458,4
0.08928725329656122,0.6124790398023122,9
0.8546927518745152,0.06610184449739653,18
0.8232353701628888,0.02585826493689878,18
0.46082909592346805,0.3931691818903892,0
0.6813755063345687,0.8688553525725885,11
0.5620960096526759,0.812373135645574,7
0.5787296388864949,0.8769746712558468,12
0.6660346462121864,0.8846527226193628,23
0.5538222873394812,0.8337304739211014,7
0.5584762561406532,0.2948548230518048,8
0.5883823149185555,0.8324949254258229,12
0.35197793674049815,0.1854205277557144,14
0.3721451348789106,0.5829141293795782,21
0.8222873394811686,0.7940164151442944,17
0.24976299232956992,0.4639484599770541,2
0.5091786606912005,0.2148089312505516,7
0.7005946737912608,0.9383108287000265,23
0.5409807808325433,0.43870796928779454,0
0.6586227699732827,0.5957108816521048,2
0.6787037835042661,0.8715029564910423,23
0.30750667930707576,0.676904068484688,12
0.8714987503231922,0.4672138381431471,19
0.6825820908385762,0.5875915629688465,2
0.5483064724640179,0.29494307651575324,18
0.8036714642764803,0.7908392904421498,13
0.32233043178488324,0.19115700291236432,15
0.10695509781952944,0.606124790398023,9
0.3650779970697234,0.5673815197246492,24
0.8348702921658192,0.41134939546377197,5
0.9275187451521159,0.5018974494748918,3
0.10652417478238384,0.6483099461653871,9
0.8563302594156682,0.2597299444003177,6
0.92613979143325,0.4405612920307122,4
0.25510643799017496,0.23493072103080048,22
0.2835473584417823,0.15876798164327952,15
0.8609842282168404,0.09734357073515135,18
0.8192708782211497,0.11375871502956492,8
0.37791950357666115,0.6745212249580796,12
0.4990088770145652,0.44682728797105287,0
0.18745152115832112,0.2000706027711588,13
0.9037317935016805,0.5256376312770276,19
0.6537102473498233,0.6678139616979967,1
0.06972334741015253,0.9508428205807078,17
0.5747651469447556,0.3540728973612214,8
0.5275359820736015,0.3271555908569411,8
0.21382401103162976,0.39343394228223455,15
0.463069895716625,0.1696231577089401,0
0.9166594846160476,0.246933192127791,9
0.8623631819357063,0.5395816785808843,3
0.37688528828751183,0.43738416732856766,3
0.21503059553563733,0.48945371105815905,1
0.906403516331983,0.5208719442238108,19
0.2826855123674912,0.11693583973170947,15
0.854520382659657,0.2401376754037596,20
0.6292338188399552,0.9243667813961698,10
0.05765750237007672,0.9020386550172094,14
0.42463156080324055,0.6047127349748478,23
0.843919675945876,0.09557850145618217,8
0.8321123847280875,0.707792780866649,15
0.8627941049728518,0.4242344012002471,5
0.0957510988537447,0.5952696143323626,20
0.7373093165560631,0.8683258317888978,23
0.8799448418512453,0.12461389109522548,8
0.5850211152288202,0.8050480981378519,7
0.06989571662501079,0.6156561645044568,9
0.8380591226406964,0.11799488129909101,8
0.6662070154270447,0.9207483893742829,11
0.9304490218047057,0.5040155326096549,3
0.860639489787124,0.1056393963463066,8
0.8137550633456864,0.07272085429353103,19
0.3216409549254503,0.6872297237666578,12
0.1583211238472809,0.611861265554673,20
0.6339739722485564,0.6256288059306329,1
0.8535723519779367,0.7446827287971053,22
0.6774971990002585,0.6063895507898686,1
0.9397569594070498,0.5206071838319654,19
0.8532276135482202,0.5421410290353896,19
0.5090924760837714,0.40102374018180215,0
0.6322502800999742,0.633924631541788,2
0.820305093510299,0.793751654752449,22
0.4734120486081186,0.21313211543553082,7
0.1205722657933293,0.625275792074839,9
0.3230199086443161,0.43438354955431996,3
0.7274842713091442,0.2002471096990557,5
0.4505731276394036,0.1579737004677434,0
0.8857192105489959,0.5199894095843263,19
0.6742221839179522,0.9245432883240667,21
0.7636818064293716,0.7414173506310122,22
0.08075497716107903,0.6275703821374989,16
0.17383435318452123,0.265731179948813,13
0.8384038610704129,0.1440296531638867,8
0.9263983452555373,0.2389903803724296,9
0.3410324915970008,0.6882887653340394,24
0.431095406360424,0.2184273232724384,0
0.8022063259501853,0.7837790133262731,22
0.08342669999138154,0.6515753243314799,6
0.8923554253210376,0.03644868061071397,18
0.36499181246229423,0.6851998940958433,12
0.3147461863311212,0.6755802665254612,0
0.23106093251745236,0.1971582384608596,22
0.3162113246574162,0.19256905833553964,14
0.6286305265879514,0.5840614244109081,2
0.10393863655951045,0.9264848645309328,15
0.5022838920968714,0.42820580707792777,0
0.3274153236232009,0.4502691730650428,3
0.07213651641816769,0.932839113935222,14
0.5516676721537533,0.2900008825346395,8
0.5410669654399723,0.8237578324949254,7
0.33982590709299315,0.6555467302091607,7
0.10264586744807377,0.580972553172712,20
0.9128673618891665,0.5387873974053481,19
0.34060156855985524,0.15250198570293882,15
0.16392312333017323,0.24905127526255402,15
0.4210118072912178,0.5988880063542494,10
0.5847625614065327,0.30888712381960987,19
0.2940618805481341,0.1679463418939193,14
0.4897009394122209,0.24534462977671875,0
0.8866672412307162,0.2085429353102109,20
0.1794363526674136,0.47665695878563236,2
0.18374558303886926,0.28894184096725795,22
0.9080410238731362,0.4855705586444268,19
0.3978281478927863,0.549289559615215,11
0.5608032405412393,0.43553084458565,7
0.3028527105059036,0.22186920836642837,14
0.7089545807118848,0.8814755979172183,10
0.1887442902697578,0.35672050127967525,1
0.48134103249159693,0.228135204306769,0
0.31069550978195287,0.1746536051540023,14
0.8935620098250452,0.4545935927985173,4
0.4116176850814444,0.21127879269261318,0
0.0706713780918728,0.6358662077486542,16
0.17254158407308454,0.43588385844144384,1
0.30121520296475046,0.4256464566234225,3
0.3908471946910282,0.6919071573559262,24
0.3342239076101008,0.4057011737710705,3
0.8921830561061794,0.5265201659165122,3
0.8917521330690339,0.25125761186126555,20
0.39420839438076355,0.5441708587062042,10
0.8611565974316987,0.39917041743888443,4
0.5660605015944152,0.8778572058953314,7
0.3387055071964147,0.11773012090724559,14
0.6874946134620357,0.7009090106786692,1
0.922347668706369,0.4889241902744683,18
0.7357579936223391,0.22478157267672758,5
0.868223735240886,0.810255052510811,22
0.8709816426786176,0.7974583002382843,17
0.515642506248384,0.4140852528461742,17
0.47720417133499954,0.3981113758715029,0
0.23683530121520294,0.42326361309681404,1
0.3674911660777385,0.667107933986409,7
0.2644143755925192,0.1556791104050834,14
0.30302507972076187,0.18886241284970431,14
0.24786693096612947,0.4229988527049687,2
0.07092993191416012,0.9429882622892948,15
0.33448246143238813,0.12955608507633926,15
0.8735671809014909,0.07448592357250021,8
0.737998793415496,0.9845556438090195,24
0.9095923468068603,0.09610802223987293,8
0.5687322244247178,0.8455564380901951,7
0.3237955701111781,0.1945106345424058,15
0.11634922002930274,0.6130968140499515,16
0.36206153580970435,0.40464213220368894,19
0.9130397311040247,0.6033889330156209,3
0.09385503749030422,0.5965934162915894,16
0.09747479100232699,0.9159827023210662,14
0.8976126863742135,0.25063983761362635,16
0.45040075842454536,0.25293442767628627,0
0.8458157373093165,0.7827199717588915,22
0.8496940446436265,0.7671873621039627,13
0.34223907610100834,0.15726767275615566,14
0.8323709385503748,0.032918542052775585,8
0.3929156252693269,0.5164592710263878,11
0.6829268292682927,0.6163621922160444,2
0.052055502887184336,0.6574883064160267,20
0.82409721623718,0.7978995675580267,13
0.27208480565371024,0.20289471361750946,22
0.09980177540291305,0.6016238637366517,9
0.23959320865293457,0.47983408348777684,2
0.11996897354132552,0.9244550348601184,14
0.790571403947255,0.7720413026211279,13
0.5947599758683099,0.8175800900185332,12
0.6494010169783676,0.6231577089400759,24
0.9042489011462552,0.46103609566675496,19
0.8154787554942686,0.16927014385314626,18
0.07498060846332846,0.9787309151884211,14
0.8406446608635697,0.39025681758009007,5
0.5462380418857192,0.835760303591916,12
0.5962251141946048,0.815815020739564,7
0.2148582263207791,0.4650957550083841,1
0.8339222614840989,0.09646103609566675,18
0.6500043092303713,0.587503309504898,1
0.31646987847970354,0.41585032212514345,19
0.6460398172886322,0.5596152148971847,1
0.923123330173231,0.4861000794281175,19
0.0918727915194346,0.6106257170593945,6
0.3562871671119538,0.2338716794634189,15
0.38369387227441176,0.5885623510722796,21
0.8980436094113591,0.2520518930368017,16
0.7665258984745323,0.2391668873003265,24
0.40541239334654827,0.5593504545053394,24
0.8365077997069722,0.8260524225575854,13
0.6368180642937171,0.862059835848557,21
0.2738084978022925,0.13864619186303062,15
0.7356718090149099,0.16609301915100166,5
0.83771438421098,0.058159032742035134,18
0.6884426441437559,0.9150119142176331,21
0.6756873222442471,0.6347189127173242,1
0.6949064897009393,0.8847409760833114,11
0.2995776954235973,0.2096902303415409,15
0.3441351374644488,0.14914835407289737,14
0.11703869688873567,0.6276586356014473,6
0.19762130483495643,0.4590945194598888,2
0.8580539515642507,0.7996646368369958,13
0.4174782383866241,0.5423175359632865,23
0.4854778936481944,0.4209690230341541,7
0.323709385503749,0.1371458829759068,14
0.5807980694647936,0.8676198040773101,12
0.8579677669568214,0.09213661636219221,8
0.2351977936740498,0.23237137057629512,13
0.8077221408256484,0.20015885623510724,5
0.41627165388261655,0.24305003971405875,0
0.5161596138929586,0.8564116141558555,13
0.8539170904076531,0.08419380460683082,18
0.19555287425665777,0.44365016326890827,1
0.6293200034473843,0.5442591121701528,2
0.20063776609497544,0.43950225046333063,2
0.6666379384641903,0.6152148971847146,2
0.28596052744979744,0.16776983496602238,15
0.7871240196500905,0.1825081634454152,5
0.4659139877617857,0.5984467390345071,11
0.8373696457812634,0.06830818109610803,18
0.4831509092476084,0.40102374018180215,7
0.32638110833405154,0.457594210572765,3
0.8611565974316987,0.4403847851028153,17
0.06834439369128674,0.8801517959579913,14
0.11221235887270534,0.9213661636219223,15
0.7011117814358355,0.91174653605154,11
0.5797638541756442,0.8309063630747506,7
0.31500474015340857,0.2081016679904686,3
0.5587348099629407,0.8308181096108023,0
0.820391278117728,0.023916688730032654,18
0.5195208135826941,0.29141293795781487,8
0.786779281220374,0.16070955785014562,5
0.02430405929500991,0.8878298473215073,15
0.8915797638541757,0.5038390256817581,19
0.9294148065155563,0.09443120642485217,8
0.8764112729466517,0.4495631453534551,5
0.5513229337240368,0.7978113140940781,7
0.10592088253038005,0.6411614155855617,6
0.8244419546668964,0.8110493336863472,22
0.8798586572438162,0.2266348954196452,20
0.5103852451952081,0.43711940693672224,0
0.32086529345858833,0.11896566940252405,15
0.3670602430405929,0.6049774953666932,12
0.08808066879255365,0.911570029123643,15
0.05360682582090839,0.6135380813696938,20
0.7675601137636817,0.20845468184626242,5
0.3385331379815565,0.4156738151972465,18
0.8891665948461603,0.22990027358573825,20
0.8590019822459708,0.5462889418409672,19
0.14772041713349993,0.9440473038566765,5
0.5525295182280444,0.29609037154708323,8
0.9034732396793932,0.26184802753508074,20
0.5582177023183659,0.3035036625187538,8
0.39360510212875977,0.694378254346483,7
0.48211669395845896,0.44267937516547523,0
0.2965612341635784,0.6470743976701085,12
0.6727570455916574,0.5632336069190715,1
0.16133758510729984,0.44876886417791895,1
0.9021804705679565,0.10899302797634808,8
0.8044471257433422,0.793751654752449,13
0.5855382228733949,0.8907422116318066,7
0.7960010342152891,0.19177477716000352,5
0.39765577867792806,0.5272261936280999,21
0.8976988709816427,0.3884917483011208,5
0.3852451952081358,0.7107933986408967,12
0.6380246487977247,0.9256023298914482,23
0.6007928983883478,0.30341540905480535,18
0.9203654227354994,0.45432883240667193,19
0.5026286305265879,0.47453887565086933,7
0.9295871757304145,0.2832936192745565,16
0.3667155046108765,0.6499867619804077,12
0.5766612083081961,0.8284352660841938,7
0.3643023356028613,0.6270408613538081,10
0.8935620098250452,0.42767628629423704,5
0.07282599327760063,0.9280734268820051,15
0.10609325174523829,0.9233077398287883,14
0.8384038610704129,0.4004942193981114,5
0.31138498664138586,0.7080575412584944,12
0.37343790399034726,0.5724119671697114,23
0.04860811859001982,0.6600476568705321,16
0.2276997328277169,0.22707616273938752,22
0.15892441609928465,0.9278086664901598,15
0.7826424200637765,0.17227076162739385,4
0.37481685770921314,0.5914747153825788,10
0.48952857019736273,0.223722531109346,0
0.9302766525898474,0.5066631365281088,24
0.4140308540894596,0.60630129732592,21
0.4951305696802551,0.19945282852351956,3
0.9084719469102818,0.5158414967787486,19
0.7386882702749289,0.19662871767716883,4
0.7550633456864604,0.949342511693584,10
0.4393691286736189,0.18392021886859056,7
0.6322502800999742,0.6292471979525197,2
0.9323450831681461,0.5585561733298032,3
0.4654830647246401,0.18709734357073513,0
0.8766698267689391,0.11464124966904951,8
0.7054210118072912,0.9242785279322214,23
0.49633715418426266,0.3963463065925338,0
0.2298543480134448,0.18241990998146676,15
0.64819443247436,0.9158061953931692,21
0.6971472894940963,0.9270143853146235,21
0.6804274756528483,0.9181007854558292,5
0.8488321985693354,0.3883152413732239,4
0.33077652331293633,0.39705233430412146,19
0.9213996380246489,0.5223722531109345,3
0.7267947944497113,0.9112170152678493,23
0.3281048004826338,0.716618127261495,13
0.5355511505645092,0.3378342599947048,18
0.42402826855123676,0.5452299002735858,21
0.8942514866844781,0.0668078722089842,8
0.6923209514780659,0.19433412761450888,5
0.5536499181246229,0.8020474803636043,13
0.8522795828665001,0.7732768511164063,13
0.47763509437214513,0.37039978819168656,7
0.4887529087305007,0.381431471185244,0
0.8125484788416788,0.07704527402700555,18
0.44100663621477204,0.15753243314800103,7
0.5555459794880634,0.2846174212337835,8
0.34060156855985524,0.3818727385049863,3
0.9157114539343273,0.1027270320360074,8
0.520210290442127,0.32309593151531196,8
0.17995346031198825,0.4161150825169888,1
0.9157114539343273,0.21427941046686078,6
0.530810997155908,0.4041126114199982,0
0.44833232784624666,0.5416115082516988,21
0.09049383780056881,0.6054187626864355,9
0.3786089804360941,0.15788544700379487,14
0.7328277169697491,0.10908128144029654,5
0.902525208997673,0.5141646809637278,19
0.11316038955442556,0.9241902744682728,15
0.7820391278117728,0.2241637984290883,5
0.8552960441265189,0.456446915541435,5
0.6035508058260795,0.831171123466596,17
0.30750667930707576,0.13176242167505076,15
0.8150478324571232,0.8467919865854735,22
0.6540549857795397,0.9237490071485305,10
0.34973713694734115,0.6697555379048628,7
0.23476687063690424,0.26017121172006,13
0.35732138240110317,0.6934074662430502,7
0.5508920106868913,0.3042096902303415,8
0.4990088770145652,0.1979525196363957,0
0.6752563992071016,0.8536757567734534,21
0.3056106179436352,0.6764628011649457,7
0.8223735240885978,0.06610184449739653,18
0.20925622683788675,0.24675668519989408,13
0.8547789364819443,0.7729238372606125,22
0.8748599500129277,0.2509045980054717,16
0.3405153839524261,0.6972023651928337,12
0.3184521244505731,0.4526520165916512,19
0.13660260277514436,0.8880946077133528,15
0.9470826510385244,0.2714676551054629,16
0.3237955701111781,0.6979083929044214,7
0.5138326294923726,0.4306769040684847,0
0.5669223476687063,0.8427323272438443,7
0.8262518314229078,0.4312064248521755,5
0.22761354822028781,0.22716441620333597,13
0.4716883564595363,0.44303238902126907,24
0.7976385417564422,0.18453799311622984,5
0.571145393432733,0.8415850322125144,7
0.7275704559165732,0.16741682111022854,5
0.4711712488149616,0.22213396875827374,0
0.4660001723692148,0.4460330067955167,7
0.25062483840386107,0.20545406407201483,22
0.06437990174954752,0.9213661636219223,14
0.30664483323278463,0.41532080134145266,19
0.3346548306472464,0.16776983496602238,14
0.5591657330000861,0.8423793133880504,12
0.3533568904593639,0.17147648045185773,18
0.25088339222614836,0.20183567205012795,24
0.45781263466344907,0.230429794369429,0
0.2521761613375851,0.16891712999735237,14
0.5164181677152461,0.4192922072191333,0
0.17047315349478584,0.28903009443120636,13
0.33758510729983626,0.17006442502868238,15
0.8257347237783331,0.7753949342511693,22
0.8147892786348357,0.811578854470038,13
0.5143497371369474,0.3697820139440473,0
0.5670085322761353,0.8347012620245344,13
0.08971817633370681,0.6312770276233342,9
0.9060587779022666,0.2114552996205101,6
0.183573213824011,0.2956491042273409,13
0.5198655520124106,0.41532080134145266,0
0.5153839524260967,0.8309063630747506,12
0.9026975782125312,0.513811667107934,24
0.7535982073601655,0.9113052687317977,11
0.4377316211324657,0.5431118171388227,21
0.20175816599155388,0.21604447974583002,13
0.4513487891062656,0.6376312770276233,23
0.8590019822459708,0.45000441267319746,5
0.5510643799017495,0.37128232283117113,18
0.7217099026113936,0.8902126908481158,10
0.8581401361716797,0.2173682817050569,20
0.21572007239507024,0.43738416732856766,1
0.5671809014909936,0.845732945018092,12
0.3490476600879083,0.41708587062042185,19
0.28785658881323795,0.396964080840173,16
0.659570800655003,0.5948283470126202,2
0.32017581659915534,0.4050833995234313,3
0.41239334654830645,0.26405436413379224,0
0.16728432301990862,0.445503486011826,2
0.1879686288028958,0.25355220192392547,13
0.8890804102387313,0.24437384167328563,9
0.33999827630785134,0.6643720766040067,12
0.6189778505558906,0.5952696143323626,15
0.6905972593294837,0.6110669843791369,2
0.5695078858915797,0.851292913246845,7
0.32069292424373,0.6590768687670991,12
0.5205550288718435,0.45371105815903273,0
0.6541411703869688,0.5545847674521225,2
0.22046022580367144,0.40781925690583354,2
0.16676721537533395,0.2507280910775748,22
0.32948375420149956,0.6616362192216044,12
0.21959837972938034,0.43976701085517605,1
0.8657243816254416,0.11684758626776101,8
0.329052831164354,0.4305003971405878,3
0.6680168921830562,0.6199805842379313,15
0.9357062828578815,0.49836731091695347,3
0.2974230802378695,0.1510899302797635,14
0.32396793932603635,0.3868149324861001,19
0.7649745755408084,0.1977760127084988,4
0.7607515297767818,0.19574618303768423,5
0.460053434456606,0.22787044391492364,7
0.6788761527191244,0.8916247462712911,10
0.6699129535464966,0.9113935221957462,23
0.3456864603981729,0.6574000529520784,12
0.2829440661897785,0.20060012355484955,15
0.10350771352236489,0.8913599858794458,14
0.34654830647246404,0.40720148265819434,17
0.29975006463845555,0.13326273056217458,14
0.27415323623200893,0.3720766040067073,19
0.5312419201930535,0.8300238284352661,12
0.32715676980091357,0.198393786956138,15
0.32784624666034645,0.42944135557320623,3
0.3044902180470568,0.13608684140852528,14
0.5891579763854176,0.6144206160091783,1
0.9079548392657071,0.274380019415762,9
0.940532620873912,0.5415232547877504,19
0.08592605360682581,0.9306327773365104,14
0.4815995863138843,0.17685994175271377,0
0.6080324054123933,0.8635601447356808,12
0.12600189606136342,0.9028329361927456,14
0.8303886925795052,0.7942811755361397,13
0.19322588985607167,0.2807342688200512,22
0.220891148840817,0.2893831082870002,13
0.4953029388951133,0.2637013502779984,18
0.9001120399896578,0.5495543200070603,3
0.7540291303973109,0.18091960109434296,5
0.1868482289063173,0.29097167063807255,13
0.30742049469964666,0.6536934074662432,7
0.412824269585452,0.5984467390345071,8
0.29233818839955183,0.44806283646633127,3
0.5740756700853227,0.8692083664283823,12
0.23424976299232958,0.27093813432177216,13
0.21847797983280187,0.4354425911217015,2
0.9419977592002068,0.5469067160886065,18
0.11186762044298888,0.9369870267407996,17
0.8211669395845902,0.3639572853234489,5
0.5115056450917866,0.2895596152148972,18
0.669482030509351,0.9816432794987203,10
0.48306472464017924,0.38399082163974935,0
0.2842368353012152,0.4118789162474627,3
0.8217702318365939,0.11490601006089488,24
0.3364647074032578,0.6554584767452123,17
0.27191243643885205,0.20457152943253024,13
0.5764026544859088,0.8796222751743006,12
0.34430750667930704,0.3478069014208808,3
0.9447556666379383,0.5542317535963286,19
0.7734206670688615,0.19892330773982875,18
0.5790743773162114,0.30835760303591914,18
0.5835559769025251,0.3185950048539405,18
0.5351202275273635,0.31427058512046596,8
0.4986641385848487,0.17394757744241457,0
0.19296733603378433,0.420174741858618,1
0.5283978281478927,0.39555202541699763,18
0.08359906920623976,0.9165122231047569,14
0.7664397138671033,0.0716618127261495,8
0.41627165388261655,0.5784132027182067,11
0.3719727656640524,0.5536139793486895,21
0.1859863828320262,0.4717147648045185,2
0.3655089201068689,0.6616362192216044,7
0.7663535292596741,0.23528373488659432,5
0.1278117728173748,0.918453799311623,15
0.7698870981642678,0.20748389374282938,5
0.32181332414030855,0.15550260347718647,15
0.8267689390674825,0.7746006530756333,13
0.8686546582780315,0.4645662342246933,5
0.6323364647074032,0.6304827464477981,2
0.6667241230716193,0.6513988174035831,1
0.2526932689821598,0.45185773541611507,2
0.3939498405584762,0.3730473921101403,3
0.23614582435577003,0.27835142529344276,22
0.5962251141946048,0.883152413732239,15
0.1769369990519693,0.2343129467831612,22
0.5362406274239421,0.42317535963286557,3
0.23588727053348268,0.27685111640631893,13
0.546065672670861,0.8673550436854646,7
0.7799706972334741,0.15779719353984642,5
0.19727656640524,0.20245344629776718,22
0.6225976040679135,0.9102462271644163,21
0.09945703697319659,0.9160709557850145,14
0.7199000258553822,0.9082163974936016,23
0.3343100922175299,0.45062218692083666,3
0.5715763164698784,0.3359809372517871,18
0.5222787210204257,0.3503662518753861,8
0.5554597948806342,0.8283470126202452,12
0.5489097647160217,0.2847056746977319,8
0.3713694734120486,0.7062924719795253,12
0.5271050590364561,0.21666225399346922,0
0.1937429975006464,0.2638778572058953,13
0.5040937688528828,0.511517077045274,0
0.580367146427648,0.8011649457241197,12
0.8443505989830217,0.7914570646897892,24
0.8635697664397138,0.1696231577089401,20
0.2253727484271309,0.240402435795605,15
0.05877790226665517,0.6325125761186126,16
0.4987503231922778,0.4298826228929485,0
0.270361113505128,0.4345600564822169,2
0.17926398345255537,0.3137410643367752,24
0.9124364388520211,0.5053393345688818,3
0.23993794708265104,0.3016503397758362,22
0.08049642333879169,0.5542317535963286,1
0.4733258640006895,0.2310475686170682,7
0.8654658278031543,0.8436148618833289,13
0.18943376712919072,0.4699496955255493,1
0.33120744635008187,0.4364133792251346,19
0.8897698870981643,0.39978819168652363,5
0.2687236059639748,0.6980848998323184,7
0.6480220632595018,0.841143764892772,12
0.4892700163750754,0.43270673373929924,3
0.3792122726880979,0.5588209337216486,11
0.8614151512539859,0.06318948018709736,18
0.12238214254934068,0.5964169093636925,6
0.36404378178057395,0.6839643456005648,12
0.7457554080841162,0.1611508251698879,5
0.3644747048177195,0.6916423969640808,17
0.20106868913212098,0.28099902921189657,22
0.6830991984831509,0.9387520960197688,10
0.11488408170300785,0.9285146942017475,14
0.6471602171852108,0.6227164416203336,1
0.6597431698698613,0.5965934162915894,2
0.6794794449711281,0.5907686876709911,15
0.8992501939153666,0.20104139087459183,6
0.5452038265965699,0.40225928867708055,0
0.21658191846936134,0.27658635601447357,24
0.0681720244764285,0.8663842555820316,14
0.3111264328190985,0.40270055599682286,19
0.31466000172369213,0.4091430588650604,19
0.5670947168835646,0.8428205807077928,7
0.8681375506334568,0.41143764892772045,5
0.5385676118245281,0.42723501897449473,24
0.8456433680944583,0.3843438354955432,5
0.47599758683099197,0.19486364839819964,0
0.0786865465827803,0.6536051540022946,6
0.4971128156511247,0.4385314623598976,0
0.08816685339998276,0.9268378783867266,14
0.09859519089890544,0.9020386550172094,6
0.306903387055072,0.35839731709469597,18
0.8801172110661035,0.4989850851645928,4
0.7949668189261397,0.8019592268996558,22
0.5016805998448677,0.4384432088959491,0
0.41041110057743685,0.5471714764804518,24
0.8208222011548737,0.21110228576471626,5
0.49547530810997154,0.19654046421322036,7
0.14142894079117468,0.9120112964433854,15
0.18702059812117552,0.24605065748830643,22
0.5736447470481773,0.8703556614597123,12
0.28492631216064807,0.4297061159650516,2
0.4545376195811428,0.22107492719089225,0
0.7801430664483323,0.8563233606919072,15
0.12289925019391536,0.5924455034860118,9
0.3127639403602516,0.6466331303503663,12
0.6035508058260795,0.8683258317888978,12
0.8859777643712832,0.5307563321860383,3
0.7065414117038696,0.87450357426529,17
0.7001637507541152,0.8856235107227959,4
0.43816254416961126,0.5670285058688553,10
0.48961475480479183,0.4592710263877857,0
0.8839093337929845,0.08101667990468626,18
0.5965698526243213,0.599947047921631,2
0.5389123502542447,0.3067690406848469,8
0.7369645781263466,0.18206689612567292,5
0.8219426010514521,0.2146324243226547,5
0.3696457812634663,0.6604889241902745,7
0.5416702576919762,0.31506486629600217,8
0.5454623804188571,0.2697025858264937,8
0.3697319658708954,0.6873179772306063,7
0.18391795225372748,0.45494660665431114,2
0.13815392570886836,0.9356632247815727,14
0.12944928035852796,0.9119230429794369,15
0.3818839955184004,0.6546641955696761,22
0.05291734896147549,0.6284529167769835,16
0.8689132121003189,0.25258141382049243,9
0.806687925536499,0.18374371194069364,5
0.8918383176764629,0.38619715823846085,5
0.30742049469964666,0.39828788279939986,18
0.9550116349220029,0.49995587326802576,3
0.8722744117900543,0.4095843261848027,5
0.9179522537274842,0.5101050216220987,3
0.6613806774110145,0.597299444003177,2
0.325950185296906,0.4169976171564734,3
0.7087822114970266,0.8975377283558379,4
0.2835473584417823,0.184008472332539,15
0.3326725846763768,0.42193981113758716,3
0.12341635783849003,0.6291589444885711,20
0.7939326036369904,0.7933103874327067,22
0.4914246315608032,0.22539934692436678,0
0.8250452469189002,0.3824905127526255,0
0.4816857709213134,0.40499514605948284,0
0.8806343187106782,0.41532080134145266,5
0.47022321813324136,0.1787132644956314,0
0.21434111867620442,0.308710616891713,22
0.4596225114194605,0.2188685905921807,7
0.31569421701284145,0.16318065484070246,24
0.12565715763164698,0.8765334039361045,14
0.9214858226320779,0.25443473656341015,6
0.9446694820305093,0.5346394845997705,24
0.23424976299232958,0.44250286823757834,2
0.5665776092389899,0.3134763039449298,18
0.12186503490476601,0.6637543023563676,9
0.06308713263811083,0.5950931074044656,9
0.8215978626217356,0.46986144206160096,5
0.317590278376282,0.17712470214455917,14
0.7960010342152891,0.801429706115965,22
0.3913643023356028,0.566587238549113,23
0.3955873480996294,0.5971229370752802,21
0.8712401965009048,0.25849439590503925,20
0.8960613634404895,0.576736386903186,19
0.08971817633370681,0.5997705409937341,20
0.0722227010255968,0.8925072809107757,15
0.05455485650262862,0.9373400405965935,14
0.4696199258812376,0.4217633042096902,0
0.12160648108247868,0.5799135116053304,9
0.6549168318538309,0.5881210837525374,1
0.8929587175730415,0.026211278792692614,18
0.8391795225372748,0.09019504015532609,8
0.5059898302163233,0.4066719618745036,0
0.2949237266224252,0.38672667902215163,19
0.9388951133327588,0.4702144559173948,3
0.5071964147203308,0.3508075191951284,0
0.6472464017926398,0.6728444091430589,1
0.7864345427906576,0.8134321772129556,13
0.5026286305265879,0.317535963286559,8
0.19701801258295265,0.24993380990203867,24
0.22252865638197014,0.2981202012178978,22
0.616995604585021,0.6052422557585385,2
0.8246143238817546,0.7986055952696144,22
0.10712746703438766,0.9364575059571089,15
0.07782470050848919,0.6054187626864355,16
0.8791691803843833,0.41390874591827725,5
0.6699129535464966,0.6401906274821287,1
0.21287598034990945,0.27782190450975197,17
0.615444281651297,0.6079781131409407,2
0.8961475480479185,0.07192657311799487,8
0.40868740842885454,0.22151619451063453,0
0.5396880117211066,0.28382314005824727,8
0.4901318624493665,0.2310475686170682,0
0.8401275532189951,0.07113229194245875,8
0.7924674653106955,0.7896919954108199,22
0.8806343187106782,0.34127614508869475,6
0.44273032836335424,0.5906804342070426,21
0.0903214685857106,0.5762068661194952,20
0.3169869861242782,0.6574883064160267,12
0.3576661208308196,0.6401906274821287,12
0.5007325691631475,0.42441090812814397,0
0.12608808066879254,0.9084811578854469,14
0.5699388089287254,0.7948106963198306,12
0.426527622166681,0.500750154443562,21
0.7005084891838318,0.6407201482658195,1
0.7054210118072912,0.8747683346571353,21
0.6847367060243039,0.8852704968670021,23
0.4210979918986469,0.5421410290353896,21
0.15332241661639232,0.6897890742211632,9
0.745669223476687,0.9224252051893037,23
0.5085753684391967,0.429970876356897,0
0.8857192105489959,0.41029035389639046,15
0.7535982073601655,0.1915982702321066,5
0.9076962854434198,0.12143676639308093,8
0.5201241058346979,0.445503486011826,0
0.859174351460829,0.25549377813079166,9
0.3291390157717831,0.4087017915453181,3
0.5562354563474964,0.8824463860206513,12
0.5607170559338102,0.8240225928867708,17
0.30828234077393774,0.6627835142529345,12
0.27415323623200893,0.14517694819521665,15
0.8489183831767646,0.43570735151354695,4
0.7710936826682754,0.1732415497308269,5
0.43997242092562266,0.5747948106963199,11
0.3167284323019909,0.40631894801870977,19
0.567439455313281,0.8147559791721825,12
0.9045936395759716,0.5385226370135029,19
0.12281306558648625,0.9263966110669845,15
0.24097216237180036,0.44929838496160973,2
0.833232784624666,0.7640102374018181,15
0.30750667930707576,0.7017915453181538,12
0.1384124795311557,0.9222486982614068,14
0.827199862104628,0.42917659518136086,5
0.3563733517193829,0.36501632689083047,3
0.9457036973196586,0.4898949783779013,3
0.20804964233387913,0.2509928514694202,15
0.8574506593122467,0.4356190980495985,5
0.1323795570111178,0.8955961521489718,14
0.7690252520899767,0.8162562880593064,22
0.44436783590450746,0.18921542670549815,0
0.5404636731879686,0.8587944576824641,7
0.8480565371024735,0.09919689347806901,18
0.507972076187193,0.263436589886153,8
0.4182538998534861,0.5997705409937341,11
0.4755666637938464,0.23263613096814048,0
0.22640696371628025,0.22998852704968673,13
0.4909937085236577,0.42088076957020565,0
0.17754029130397309,0.4279410466860824,1
0.7071447039558735,0.1287618039008031,5
0.48832198569335517,0.43738416732856766,0
0.10997155907954839,0.9081281440296531,17
0.22838920968714987,0.2820580707792781,15
0.5419288115142635,0.8177565969464301,7
0.33439627682495904,0.6874062306945548,12
0.7875549426872359,0.20607183831965403,5
0.3139705248642592,0.16459271026387787,15
0.1795225372748427,0.2435795604977495,13
0.17262776868051363,0.38416732856764624,15
0.8557269671636646,0.09690230341540905,18
0.6860294751357408,0.9065395816785808,11
0.7053348271998621,0.8543817844850411,11
0.9490648970093941,0.25416997617156467,20
0.4946134620356804,0.40781925690583354,0
0.4815995863138843,0.226017121172006,0
0.16349220029302766,0.6240402435795606,9
0.8943376712919072,0.19318683258317887,16
0.8153063862794104,0.7608331126996735,24
0.10428337498922693,0.5603212426087724,16
0.09816426786175989,0.8934780690142088,14
0.8387485995001293,0.4283823140058247,5
0.07972076187192968,0.9149236607536847,15
0.6618116004481599,0.9082163974936016,23
0.5745927777298974,0.815991527667461,7
0.30914418684822886,0.23351866560762508,14
0.2910454192881151,0.17941929220721917,14
0.24915970007756613,0.42644073779895864,1
0.41696113074204944,0.5854734798340835,5
0.3387055071964147,0.43076515753243316,11
0.9157114539343273,0.2847056746977319,6
0.504869430319745,0.43147118524402084,0
0.07877273119020942,0.8968317006442502,15
0.9028699474273894,0.4239696408084017,5
0.578126346634491,0.8580884299708764,7
0.5667499784538481,0.8197864266172448,0
0.6366456950788588,0.5959756420439503,15
0.8711540118934757,0.5289030094431206,3
0.8432301990864431,0.4161150825169888,5
0.5447729035594242,0.23307739828788276,8
0.6729294148065156,0.6391315859147472,15
0.13729207963457726,0.6373665166357779,16
0.22554511764198912,0.41664460330067954,15
0.9267430836852537,0.41073162121613277,4
0.8371972765664051,0.07122054540640721,19
0.18469361372058948,0.2188685905921807,22
0.8353873998103939,0.8026652546112435,17
0.24622942342497628,0.41461477362986493,1
0.6713780918727915,0.9271026387785721,10
0.2050331810738602,0.415762068661195,1
0.714470395587348,0.8983320095313742,23
0.3599069206239765,0.19724649192480803,15
0.24915970007756613,0.4566234224693319,1
0.5274497974661725,0.4579472244285588,0
0.6860294751357408,0.8997440649545495,23
0.06593122468327156,0.6392198393786956,16
0.6503490476600878,0.6098314358838585,1
0.27061966732741527,0.41029035389639046,3
0.3471515987244678,0.44559173947577446,19
0.8482289063173317,0.08410555114288236,8
0.4552270964405757,0.21860383020033533,0
0.3210376626734465,0.35972111905392284,3
0.32836335430492114,0.18356720501279672,14
0.3479272601913298,0.4154973082693496,19
0.04309230371455659,0.6776100961962757,9
0.2758769283805912,0.17253552201923925,15
0.5564078255623546,0.31965404642132206,8
0.9065758855468413,0.4117906627835143,5
0.8979574248039299,0.2515223722531109,9
0.4664310954063604,0.5903274203512487,4
0.6995604585021115,0.1567381519724649,5
0.8528828751185038,0.7623334215867973,17
0.8130655864862535,0.4298826228929485,5
0.19693182797552355,0.2563763127702762,24
0.3484443678359045,0.6829053040331833,24
0.5004740153408601,0.2391668873003265,0
0.6494010169783676,0.5965934162915894,15
0.3853313798155649,0.37057629511958345,3
0.12591571145393432,0.8852704968670021,14
0.5913987761785744,0.8337304739211014,7
0.8078083254330776,0.13255670285058688,18
0.8631388434025683,0.7708940075897979,17
0.1682323537016289,0.47603918453799304,15
0.5052141687494613,0.184008472332539,0
0.9363095751098853,0.2565528196981732,9
0.9887098164267861,0.5244903362456977,19
0.4416961130742049,0.1880681316741682,0
0.8359906920623975,0.15197246491924807,18
0.2540722227010256,0.44629776718736214,15
0.8287511850383522,0.09522548760038833,8
0.6175127122295958,0.6379842908834171,1
0.46970611048866673,0.16229812020121787,0
0.33051796949064893,0.14164680963727827,14
0.31362578643454275,0.36122142794104667,3
0.061794363526674126,0.9472244285588209,4
0.3118159096785314,0.416732856764628,24
0.8843402568301301,0.42723501897449473,5
0.8364216150995432,0.03653693407466243,18
0.6593122468327156,0.8923307739828787,23
0.5650262863052659,0.29600211808313476,8
0.22209773334482458,0.43332450798693845,16
0.638197018012583,0.550083840790751,2
0.23614582435577003,0.42255758538522636,1
0.2807894510040506,0.2372253110934604,17
0.888046194949582,0.5565263436589886,3
0.7922089114884081,0.830200335363163,24
0.31810738602085664,0.14297061159650518,14
0.3220718779625959,0.6835230782808226,0
0.5090924760837714,0.21154355308445855,19
0.11316038955442556,0.8880946077133528,15
0.9178660691200552,0.27305621745653513,6
0.5136602602775143,0.31762421675050745,24
0.41799534603119876,0.5747065572323713,23
0.4724640179263983,0.4254699496955256,0
0.4987503231922778,0.4312064248521755,0
0.5885546841334138,0.29114817756596945,8
0.1547013703352581,0.6068308181096107,6
0.9013186244936654,0.4242344012002471,4
0.7277428251314314,0.16106257170593946,4
0.3138843402568301,0.38460859588738855,3
0.7178315952770835,0.9248963021798605,21
0.3898129794018788,0.6615479657576561,12
0.2842368353012152,0.1947753949342512,24
0.8476256140653279,0.04377371811843615,19
0.6878393518917522,0.6069190715735593,1
0.8321985693355166,0.09204836289824375,8
0.3108678789968111,0.6476921719177477,7
0.11203998965784712,0.9770540993734005,15
0.9145048694303197,0.24790398023122406,9
0.8817547186072567,0.43164769217191773,4
0.23097474791002326,0.24658017827199716,13
0.5685598552098595,0.855529079516371,7
0.907868654658278,0.5601447356808754,19
0.048349564767732486,0.6410731621216132,20
0.1651297078341808,0.3019151001676816,13
0.9034732396793932,0.22292824993380989,9
0.8950271481513401,0.4006707263260083,5
0.6434542790657589,0.8758273762245168,4
0.9143325002154615,0.21119053922866474,9
0.6985262432129622,0.9191598270232106,10
0.7632508833922261,0.18842114552996203,5
0.6842195983797293,0.8719442238107846,4
0.4938378005688183,0.4253816962315771,0
0.9059725932948375,0.5096637543023563,19
0.6905110747220545,0.633924631541788,1
0.4987503231922778,0.8312593769305445,12
0.40506765491683183,0.5724119671697114,23
0.8922692407136086,0.2482569940870179,16
0.760837714384211,0.1772129556085076,4
0.6387141256571577,0.5760303591915983,1
0.21572007239507024,0.4627129114817757,2
0.655778677928122,0.9165122231047569,10
0.9216581918469361,0.5604094960727208,19
0.4893562009825045,0.2378430853410996,0
0.37386882702749286,0.7013502779984114,12
0.5319313970524864,0.3598976259818198,18
0.8390933379298458,0.3759597564204395,5
0.5683013013875722,0.8309063630747506,12
0.9326898215978625,0.5563498367310916,3
0.8137550633456864,0.08922425205189304,18
0.8297854003275015,0.07501544435619097,8
0.49952598465913983,0.3856676374547701,7
0.9095923468068603,0.4810696319830553,5
0.5641644402309748,0.2559350454505339,19
0.07480823924847023,0.8828876533403937,15
0.24459191588382315,0.3283028858882711,13
0.33181073860208565,0.3714588297590681,3
0.15694217012841505,0.2820580707792781,13
0.9054554856502628,0.2694378254346483,16
0.925364129966388,0.5807960462448151,19
0.7111953805050418,0.19848204042008646,5
0.22356287167111955,0.43870796928779454,1
0.3871412565715763,0.6063895507898686,21
0.1625441696113074,0.4304121436766393,2
0.41859863828320254,0.5421410290353896,11
0.8939067482547616,0.22381078457329445,20
0.521761613375851,0.1833906980848998,0
0.6659484616047573,0.8886241284970435,4
0.8982159786262174,0.5716176859941752,3
0.03843833491338446,0.8797105286382492,15
0.828665000430923,0.10634542405789428,8
0.9044212703611134,0.2228399964698614,20
0.24924588468499526,0.4989850851645928,24
0.789795742480393,0.1882446386020651,5
0.46143238817547183,0.5852969729061865,23
0.8600361975351202,0.05480540111199363,8
0.06343187106782729,0.8665607625099285,15
0.8193570628285788,0.08825346394846,18
0.30526587951391876,0.17253552201923925,14
0.5483926570714469,0.3106521930985791,8
0.44505731276394034,0.5540552466684318,23
0.8544341980522278,0.4305003971405878,5
0.8635697664397138,0.8586179507545671,13
0.3256916314746186,0.6536051540022946,7
0.1061794363526674,0.6752272526696673,6
0.8958028096182021,0.5338452034242345,3
0.9146772386451779,0.20430676904068487,9
0.08635697664397138,0.9171299973523961,15
0.24002413169008013,0.4438266701968052,2
0.9359648366801689,0.48662960021180823,3
0.2829440661897785,0.3739299267496249,24
0.3490476600879083,0.6809637278263172,24
0.22252865638197014,0.25302268114023474,13
0.5128845988106524,0.44965139881740357,0
0.32750150823063,0.20607183831965403,14
0.9271740067223994,0.5135469067160887,8
0.8779625958803757,0.5497308269349571,3
0.7721278979574248,0.1655634983673109,17
0.5008187537705766,0.20377724825699406,24
0.22649314832370937,0.27896919954108196,22
0.4990088770145652,0.41152590239166886,18
0.5039213996380246,0.23704880416556348,0
0.6823235370162888,0.6048009884387963,2
0.789795742480393,0.7517430059129822,17
0.3502542445919159,0.4335010149148354,18
0.8920968714987503,0.21789780248874766,6
0.4329914677238645,0.6062130438619716,10
0.6866327673877446,0.894272350189745,23
0.5245195208135828,0.38769746712558467,0
0.40541239334654827,0.6160091783602506,10
0.783676635352926,0.16706380725443473,4
0.8028958028096181,0.05277557144117909,18
0.38602085667499786,0.7078810343305975,7
0.5317590278376282,0.3753419821728003,8
0.07549771610790312,0.6226281881563851,9
0.4815134017064552,0.43994351778307295,0
0.677928122037404,0.8955961521489718,24
0.6836163061277256,0.6268643544259113,1
0.3028527105059036,0.35566145971229374,3
0.31517710936826676,0.41602682905304034,3
0.866758596914591,0.4041126114199982,17
0.35206412134792725,0.16132733209778483,15
0.5673532707058518,0.8585296972906186,7
0.2613979143325002,0.4119671697114112,2
0.8296992157200723,0.08701791545318154,18
0.5739894854778936,0.7979878210219751,7
0.4550547272257175,0.5837966640190628,21
0.09161423769714727,0.9227782190450975,15
0.731190209428596,0.971229370752802,21
0.6643109540636042,0.9974406495454946,23
0.46022580367146426,0.20739564027888094,7
0.7787641127294666,0.13326273056217458,5
0.8942514866844781,0.2484335010149148,9
0.18434887529087304,0.4434736563410114,1
0.09178660691200549,0.8948901244373841,15
0.930707575626993,0.5019857029388404,18
0.1316900801516849,0.6438090195040156,6
0.8918383176764629,0.4360603653693408,15
0.3471515987244678,0.6519283381872738,17
0.6704300611910713,0.8959491660047657,24
0.8532276135482202,0.08119318683258318,8
0.5564078255623546,0.8531462359897626,7
0.18133241403085407,0.44091430588650604,2
0.7115401189347582,0.19945282852351956,5
0.9045936395759716,0.2566410731621216,9
0.5213306903387055,0.31938928602947664,18
0.34206670688615015,0.14270585120465978,14
0.5357235197793674,0.3060630129732592,8
0.333620615358097,0.17015267849263085,15
0.04593639575971732,0.9413996999382226,15
0.8620184435059898,0.39784661547965755,11
0.34060156855985524,0.6760215338452034,12
0.7695423597345513,0.7775130173859324,22
0.7854865121089373,0.7697467125584679,13
0.5458933034560027,0.8021357338275527,7
0.7475652848401275,0.15876798164327952,5
0.34068775316728434,0.3792251345865325,18
0.19624235111609065,0.2705851204659783,13
0.5867448073774024,0.8400847233253905,12
0.4854778936481944,0.5462006883770189,4
0.8860639489787123,0.43164769217191773,24
0.8981297940187881,0.28761803900803107,9
0.8459881065241747,0.12364310299179244,8
0.7995346031198828,0.7609213661636219,22
0.3681806429371714,0.7062042185155767,12
0.1618546927518745,0.9452828523519549,15
0.9144186848228906,0.21286735504368545,16
0.6301818495216753,0.6179507545671167,15
0.24347151598724467,0.47683346571352925,2
0.41041110057743685,0.5556438090195039,21
0.40636042402826855,0.5868855352572588,23
0.5089201068689131,0.417880151795958,17
0.9119193312074464,0.3365104580354779,20
0.8889080410238731,0.4830112081899215,4
0.8132379557011117,0.802577001147295,22
0.11100577436869773,0.6361309681404995,20
0.4817719555287425,0.19662871767716883,0
0.28733948116866326,0.18409672579648748,6
0.25665776092389897,0.4267937516547525,15
0.3660260277514436,0.14208807695702055,14
0.41196242351116086,0.5528196981731532,23
0.22649314832370937,0.41602682905304034,1
0.9007153322416616,0.2713794016415144,9
0.8881323795570111,0.5612920307122055,19
0.13513746444884941,0.6761980407731003,9
0.7214513487891062,0.9474009354867179,5
0.8046194949582004,0.16776983496602238,5
0.8997673015599413,0.4787750419203954,19
0.27251572869085583,0.1787132644956314,14
0.11505645091786607,0.6784043773718118,24
0.9382918210807549,0.2830288588827111,20
0.8977850555890717,0.2637896037419468,9
0.9535464965957079,0.4936016238637367,3
0.6639662156338878,0.5832671432353721,1
0.5094372145134879,0.8230518047833377,17
0.3099198483150909,0.3987291501191422,19
0.7124019650090494,0.2268996558114906,4
0.4925450314573817,0.403494837172359,7
0.9112298543480135,0.06830818109610803,8
0.883478410755839,0.7642749977936634,22
0.7373093165560631,0.18074309416644604,5
0.824011031629751,0.13043861971582388,8
0.5819184693613719,0.8888006354249405,12
0.825648539170904,0.04703909628452916,8
0.7959148496078601,0.8785632336069191,22
0.7732482978540033,0.19512840879004503,5
0.6132034818581401,0.5624393257435354,15
0.5580453331035076,0.3963463065925338,0
0.22795828665000434,0.2689083046509575,13
0.2973368956304404,0.3951107580972553,19
0.3985176247522192,0.6428382314005825,7
0.3643023356028613,0.7015267849263083,12
0.07610100835990691,0.9189833200953138,5
0.4709988796001034,0.3936104492101315,0
0.8334051538395242,0.08198746800811932,18
0.05464104111005773,0.8506751389992057,14
0.8668447815220202,0.7706292471979526,22
0.8506420753253469,0.4590062659959403,5
0.7649745755408084,0.8090195040155326,13
0.5901921916745668,0.8694731268202278,12
0.49332069292424363,0.200688377018798,7
0.8078083254330776,0.4127614508869473,5
0.9458760665345168,0.5511428823581325,24
0.6325088339222614,0.6447798076074486,2
0.6731879686288028,0.9406936722266349,23
0.1655606308713264,0.22531109346041833,17
0.8677066275963113,0.4198217280028241,5
0.20460225803671464,0.42529344276762865,1
0.3401706455227096,0.2241637984290883,14
0.5241747823838663,0.28064601535610273,8
0.08273722313194863,0.6123025328744154,14
0.6756873222442471,0.6561645044568,1
0.206412134792726,0.22910599241020205,24
0.6516418167715246,0.585561733298032,1
0.25898474532448507,0.4174388844762157,2
0.9257950530035336,0.22831171123466593,24
0.5792467465310696,0.3173594563586621,18
0.8712401965009048,0.2214279410466861,9
0.18495216754287686,0.23704880416556348,22
0.17452383004395414,0.4649192480804871,15
0.8608118590019822,0.43085341099638164,3
0.3834353184521244,0.4124966904951019,3
0.10057743686977505,0.9552554937781308,15
0.3288804619494958,0.6566057717765422,7
0.22175299491510814,0.23563674874238816,17
0.6847367060243039,0.5932397846615479,2
0.7443764543652502,0.16724031418233165,4
0.5503749030423166,0.9090106786691379,17
0.3013013875721796,0.46606654311181717,3
0.8770145651986555,0.47956932309593153,19
0.4756528484012755,0.5816785808842997,23
0.9627682495906231,0.5397581855087813,18
0.6838748599500128,0.8790045009266615,23
0.5224510902352839,0.2226634895419645,0
0.3169008015168491,0.12690848115788544,14
0.4133413772300267,0.569234842467567,23
0.6361285874342841,0.577883681934516,1
0.6661208308196156,0.6369252493160357,1
0.5744204085150392,0.8679728179331039,7
0.9089028699474274,0.4964257347100874,18
0.3210376626734465,0.13899920571882446,15
0.7649745755408084,0.735416115082517,22
0.31853830905800223,0.20474803636042715,14
0.8140998017754029,0.11349395463771954,8
0.18400413686115658,0.1880681316741682,13
0.7933293113849865,0.07201482658194333,24
0.837800568818409,0.09416644603300679,8
0.8465913987761785,0.07219133350984025,8
0.09540636042402827,0.6490159738769747,20
0.9023528397828148,0.2378430853410996,16
0.9154529001120398,0.41585032212514345,5
0.5152115832112385,0.23528373488659432,3
0.5116780143066448,0.2191333509840261,0
0.3516331983107817,0.6655193716353367,7
0.6958545203826596,0.9090989321330862,23
0.6961130742049471,0.933633395110758,11
0.1709040765319314,0.4324419733474539,2
0.7822114970266311,0.1816256288059306,5
0.7598034990950616,0.07439767010855175,19
0.21796087218822713,0.4372959138646192,1
0.4076531931397052,0.5651751831259376,23
0.3430147375678704,0.679375165475245,12
0.3562871671119538,0.5920042361662695,10
0.6327673877445489,0.5959756420439503,1
0.9133844695337412,0.5121348512929131,19
0.3094027406705162,0.6976436325125761,12
0.4499698353873998,0.5490247992233696,5
0.5061621994311816,0.42441090812814397,7
0.5427906575885546,0.415585561733298,0
0.6001034215289149,0.5557320624834525,24
0.5951908989054555,0.2572588474097608,18
0.46677583383607685,0.1968934780690142,0
0.9119193312074464,0.20580707792780867,9
0.5009049383780056,0.47383284793928165,3
0.8472808756356114,0.039537551848910064,18
0.5718348702921658,0.8425558203159473,7
0.4258381453072481,0.5485835319036273,11
0.14530724812548476,0.6619892330773982,6
0.5038352150305955,0.23351866560762508,0
0.8140136171679738,0.11675933280381255,8
0.1682323537016289,0.4643014738328479,2
0.8550374903042316,0.11269967346218338,18
0.22114970266310435,0.47286205983584856,15
0.23399120917004224,0.4515929750242697,15
0.6536240627423943,0.6255405524666843,2
0.5515814875463242,0.8789162474627129,13
0.7973799879341549,0.2067778660312417,18
0.40929070068085843,0.5799135116053304,23
0.8721020425751961,0.43923749007148527,5
0.037059381194518654,0.6243932574353543,16
0.06222528656381968,0.6210396258053128,9
0.5360682582090839,0.39219839378695615,0
0.8464190295613203,0.8133439237490072,13
0.3753339653537878,0.6861706821992763,7
0.07377402395932085,0.6390433324507987,9
0.8812376109626819,0.4268820051187009,5
0.36412996638800305,0.5965934162915894,6
0.8883909333792984,0.536845821198482,24
0.3809359648366802,0.6806107139705234,7
0.9493234508316813,0.556791104050834,19
0.810307679048522,0.7679816432794987,22
0.8516762906144962,0.07077927808666491,18
0.32577781608204776,0.19909981466772567,14
0.8125484788416788,0.8359368105198128,13
0.07618719296733603,0.898508516459271,3
0.43006119107127466,0.23643102991792428,0
0.8223735240885978,0.8119318683258319,13
0.5801085926053607,0.2382843526608419,8
0.3396535378781349,0.1679463418939193,15
0.8148754632422649,0.7394757744241461,13
0.8747737654054984,0.5619980584237931,19
0.07110230112901836,0.667902215161945,6
0.40989399293286216,0.5971229370752802,23
0.779884512626045,0.754214102903539,17
0.7983280186158752,0.18506751389992057,18
0.3636128587434284,0.4284705674697732,19
0.3424976299232957,0.6463683699585209,7
0.5455485650262863,0.4374724207925161,0
0.8253038007411876,0.7700997264142618,13
0.06222528656381968,0.9256905833553968,15
0.8587434284236836,0.11481775659694643,19
0.8886494872015858,0.24878651487070863,9
0.18434887529087304,0.4611243491307034,1
0.7842799276049297,0.8081369693760481,22
0.5233991209170042,0.29644338540287707,8
0.4934930621391019,0.5079869384873357,0
0.7153322416616392,0.23837260612479036,5
0.8814099801775401,0.25319918806813163,6
0.15866586227699733,0.25346394845997705,22
0.7627337757476514,0.8042538169623158,15
0.39868999396707744,0.5789427235018975,11
0.6985262432129622,0.8874768334657135,10
0.3432732913901577,0.6536934074662432,12
0.8049642333879169,0.19230429794369427,23
0.37826424200637765,0.10846350719265732,15
0.9375161596138929,0.26546641955696765,6
0.2214944410928208,0.445503486011826,2
0.09428596052744978,0.9008913599858795,15
0.7611824528139274,0.8837701879798783,21
0.877359303628372,0.2589356632247815,16
0.8769283805912264,0.4124084370311535,5
0.9278634835818322,0.4684493866384256,19
0.5526157028354735,0.837878386726679,12
0.7071447039558735,0.8794457682464036,11
0.38007411876238906,0.5541435001323802,11
0.34361802981987416,0.3824905127526255,3
0.7922950960958371,0.21224958079604622,24
0.3600792898388348,0.5384343835495543,21
0.3061277255882099,0.20077663048274644,14
0.35654572093424114,0.6528108728267584,12
0.413599931052314,0.5405524666843173,11
0.3329311384986641,0.1637984290883417,3
0.865293458588296,0.04077310034418852,8
0.1487546324226493,0.2546994969552555,24
0.6281134189433767,0.6210396258053128,2
0.4377316211324657,0.246933192127791,0
0.3766267344652245,0.1415585561733298,3
0.7633370679996552,0.200688377018798,5
0.7072308885633025,0.924013767540376,23
0.8563302594156682,0.2148089312505516,20
0.7256743945531328,0.9201306151266437,10
0.4285098681375506,0.6106257170593945,11
0.7248987330862708,0.14605948283470127,18
0.06886150133586141,0.8833289206601359,14
0.879686288028958,0.24984555643809023,17
0.584934930621391,0.2334304121436766,8
0.47720417133499954,0.19468714147030272,0
0.23864517797121435,0.42644073779895864,2
0.28449538912350253,0.1971582384608596,4
0.8467637679910368,0.7955167240314183,13
0.49288976988709815,0.20589533139175714,0
0.8150478324571232,0.0844585649986762,18
0.8367663535292597,0.22698790927543905,20
0.4476428509868137,0.1968934780690142,0
0.3964491941739205,0.7020563057099991,7
0.5178833060415409,0.38663842555820316,0
0.7394639317417908,0.17818374371194065,4
0.23399120917004224,0.2687317977230606,24
0.6765491683185383,0.8983320095313742,11
0.06825820908385763,0.5941223193010325,9
0.3848142721709903,0.41823316565175184,3
0.5596828406446608,0.8506751389992057,7
0.6961992588123761,0.6105374635954461,14
0.17314487632508835,0.26502515223722534,22
0.3169869861242782,0.38328479392816167,18
0.7643712832888047,0.1637984290883417,15
0.29931914160130996,0.23448945371105817,15
0.06446608635697663,0.9640808401729768,15
0.8790829957769543,0.2507280910775748,6
0.9189002844092045,0.22831171123466593,6
0.8587434284236836,0.4165563498367311,4
0.677066275963113,0.5871502956491043,2
0.3593898129794018,0.41099638160797813,19
0.8413341377230027,0.39961168475862674,5
0.4272170990261139,0.5447003794898949,11
0.8373696457812634,0.06813167416821111,8
0.5626993019046798,0.29794369429000084,8
0.05326208739119194,0.8903891977760127,14
0.5203826596569853,0.40905480540111194,3
0.09928466775833837,0.6363957285323449,9
0.3567180901490994,0.6656958785632336,7
0.930707575626993,0.2754390609831436,20
0.5296905972593294,0.29035389639043335,8
0.1061794363526674,0.7011737710705145,9
0.6231147117124881,0.6241284970435089,2
0.12789795742480392,0.9037154708322301,14
0.3727484271309144,0.5891801253199188,11
0.9083857623028527,0.40340658370841054,5
0.18753770576575024,0.20307122054540638,13
0.4789278634835818,0.15832671432353723,7
0.8440920451607342,0.8327596858176683,13
0.8162544169611308,0.7766304827464477,13
0.917004223045764,0.5416115082516988,17
0.38558993363785227,0.6008295825611155,21
0.8459881065241747,0.04377371811843615,8
0.33456864603981723,0.44815108993027974,17
0.7103335344307506,0.9202188685905922,10
0.8580539515642507,0.5173418056658723,19
0.6776695682151168,0.6434560056482218,1
0.49702663104369554,0.40781925690583354,0
0.5541670257691976,0.31268202276939366,8
0.22183917952253723,0.2776453975818551,22
0.08532276135482203,0.6447798076074486,9
0.4017064552270964,0.5642926484864531,23
0.49504438507282605,0.43976701085517605,0
0.6166508661553046,0.3006795516724032,18
0.8554684133413771,0.22822345777071748,9
0.852969059725933,0.2735857382402259,20
0.6471602171852108,0.5909451945988881,1
0.8015168490907524,0.7744241461477364,22
0.22623459450142203,0.417880151795958,1
0.5682151167801431,0.8118436148618833,7
0.4398000517107645,0.2820580707792781,0
0.10187020598121177,0.6706380725443474,9
0.6893906748254761,0.8407024975730298,24
0.4907351547013703,0.1848027535080752,0
0.9039903473239679,0.40826052422557585,5
0.14203223304317847,0.6223634277645398,20
0.22813065586486256,0.221604447974583,22
0.6888735671809014,0.9245432883240667,11
0.07584245453761958,0.6230694554761275,20
0.7276566405240024,0.15620863118877415,4
0.21994311815909678,0.4198217280028241,2
0.3281048004826338,0.16927014385314626,15
0.5265879513918814,0.2626423087106169,8
0.8883909333792984,0.30094431206424854,6
0.2177885029733689,0.4605065748830642,1
0.9027837628199603,0.51919512840879,19
0.42911316038955444,0.5537904862765864,21
0.8821856416444023,0.11155237843085342,8
0.039903473239679396,0.617244726855529,16
0.3405153839524261,0.1915982702321066,4
0.16866327673877446,0.23051804783337748,17
0.8580539515642507,0.2625540552466684,9
0.963543911057485,0.48618833289206603,3
0.18098767560113763,0.2520518930368017,22
0.03947255020253382,0.6820227693936988,9
0.1224683271567698,0.638337304739211,16
0.11824528139274323,0.893301562086312,14
0.8662414892700163,0.14447092048362897,8
0.8319400155132293,0.5030447445062218,5
0.18176333706799963,0.2372253110934604,13
0.6668103076790486,0.6124790398023122,1
0.19305352064121345,0.4099373400405966,16
0.9098509006291475,0.5311093460418321,19
0.38214254934068775,0.6012708498808578,11
0.7843661122123589,0.7874856588121084,22
0.9047660087908299,0.5312858529697291,3
0.28845988106524173,0.11940693672226635,6
0.585710592088253,0.8339069808489984,12
0.046539688011721106,0.901950401553261,14
0.5464965957080065,0.25461124349130704,24
0.3571490131862449,0.7023210661018445,12
0.9281220374041196,0.22213396875827374,20
0.3172455399465655,0.17032918542052777,11
0.1920193053520641,0.221604447974583,13
0.06515556321640956,0.9162474627129115,14
0.42083943807635954,0.5831788897714235,21
0.39670774799620784,0.5574088782984732,10
0.2177023183659398,0.40102374018180215,1
0.8887356718090149,0.5484070249757304,3
0.6836163061277256,0.9351337039978819,4
0.5538222873394812,0.2932662607007325,18
0.3147461863311212,0.6543994351778308,7
0.3311212617426528,0.38769746712558467,19
0.9363095751098853,0.5037507722178095,19
0.1303973110402482,0.8995675580266526,15
0.8014306644833232,0.3698702674079958,4
0.9120917004223046,0.24525637631277028,9
0.3955873480996294,0.5642043950225046,23
0.5172800137895371,0.8602065131056393,12
0.20279238128070323,0.20121789780248875,13
0.564422994053262,0.8828876533403937,13
0.6023442213220719,0.30341540905480535,18
0.5799362233905024,0.7990468625893568,12
0.8484012755321899,0.07360338893301563,18
0.5358097043867964,0.7974583002382843,12
0.8200465396880117,0.09478422028064601,8
0.20417133499956908,0.2440208278174918,22
0.857623028527105,0.38963904333245075,4
0.09773334482461432,0.9191598270232106,6
0.06886150133586141,0.8951548848292296,15
0.8477979832801861,0.25990645132821466,9
0.7622166681030768,0.228135204306769,23
0.923898991640093,0.5041920395375519,19
0.33181073860208565,0.3895507898685023,3
0.8680513660260277,0.2731444709204836,6
0.46470740325777815,0.42582296355131943,0
0.8010859260536067,0.7857205895331392,22
0.5829526846505214,0.30394492983849614,8
0.8175471860725674,0.7796311005206955,22
0.7741101439282944,0.18974494748918896,5
0.09359648366801689,0.9216309240137676,15
0.8671033353443075,0.3610449210131498,5
0.9432905283116435,0.2585826493689877,16
0.7269671636645695,0.8617068219927633,11
0.643540463673188,0.5923572500220634,2
0.8449538912350253,0.11164063189480188,18
0.8832198569335517,0.15153119759950578,8
0.5394294578988194,0.37781307916335716,0
0.816512970783418,0.792427852793222,13
0.9297595449452727,0.38399082163974935,4
0.2822545893303456,0.4130262112787927,3
0.1564250624838404,0.25734710087370927,15
0.12884598810652417,0.625099285146942,9
0.3310350771352237,0.7043508957726591,7
0.8805481341032491,0.41205542317535965,5
0.5686460398172886,0.9160709557850145,12
0.7139532879427734,0.17588915364928073,5
0.803499095061622,0.8190803989056571,13
0.33982590709299315,0.6445150472156033,24
0.8812376109626819,0.24940428911834786,16
0.3642161509954322,0.6108022239872914,10
0.8031543566319055,0.7595975642043951,17
0.2245970869602689,0.46906716088606476,2
0.8640868740842885,0.8167858088429971,22
0.09144186848228905,0.6368369958520872,16
0.3430147375678704,0.17474185861795077,15
0.8078083254330776,0.07519195128408793,8
0.47677324829785395,0.20818992145441706,0
0.5269326898215979,0.42088076957020565,0
0.816512970783418,0.7965757655987997,22
0.2428682237352409,0.44029653163886684,1
0.9402740670516245,0.27235018974494746,20
0.653451693527536,0.5856499867619803,1
0.2115832112384728,0.4898067249139529,1
0.532362320089632,0.22787044391492364,0
0.32327846246660347,0.6051540022945902,7
0.5708868396104455,0.31480010590415675,18
0.06713780918727913,0.6055952696143323,20
0.7542014996121693,0.18789162474627127,4
0.4757390330087046,0.47462712911481775,3
0.3912781177281737,0.5541435001323802,10
0.9292424373006981,0.5734710087370929,3
0.2910454192881151,0.4000529520783691,3
0.821080754977161,0.08975377283558379,8
0.49340687753167284,0.39175712646721383,0
0.617771266051883,0.33642220457152944,18
0.7073170731707317,0.8809460771335276,23
0.3268982159786262,0.7167063807254435,12
0.5133155218477979,0.4297061159650516,0
0.8017754029130396,0.041832141911570024,8
0.8621046281134189,0.5432000706027712,18
0.6003619753512022,0.5944753331568264,24
0.2146858571059209,0.2310475686170682,13
0.8803757648883909,0.7984290883417174,24
0.5377057657502369,0.8229635513193893,12
0.45927777298974404,0.5977407113229194,21
0.6652589847453244,0.8824463860206513,11
0.33069033870550724,0.152148971847145,15
0.5388261656468154,0.3261848027535081,18
0.4314401447901405,0.21754478863295382,0
0.3612858743428424,0.3900803106521931,19
0.22132207187796257,0.4018180213573383,24
0.7810049125226235,0.19556967610978732,4
0.5555459794880634,0.30173859323978464,18
0.6585365853658537,0.5841496778748566,2
0.660260277514436,0.9385755890918719,11
0.6880117211066104,0.591121701526785,15
0.34620356804274754,0.15206071838319654,3
0.29087305007325687,0.4012885005736475,19
0.29604412651900364,0.13476303944929838,15
0.37188658105662326,0.6994969552554938,13
0.9127811772817375,0.2955608507633925,6
0.3099198483150909,0.40587768069896746,3
0.08084116176850814,0.9122760568352307,14
0.5419288115142635,0.2980319477539493,18
0.5145221063518056,0.3519548142264584,8
0.5082306300094802,0.39219839378695615,0
0.8674480737740239,0.513811667107934,3
0.6871498750323193,0.6233342158679729,1
0.5642506248384038,0.33509840261230256,8
0.5066793070757563,0.824816874062307,12
0.48246143238817546,0.18374371194069364,0
0.20434370421442732,0.49536669314270587,2
0.09514780660174092,0.9777601270849882,14
0.5178833060415409,0.3020916070955785,8
0.6509523399120917,0.5684405612920307,1
0.8665000430923036,0.24049068925955344,24
0.5060760148237525,0.22919424587415052,7
0.5825217616133759,0.28602947665695877,18
0.7412738084978022,0.20801341452652014,5
0.12807032663966214,0.620686611949519,16
0.22063259501852966,0.4372076604006707,1
0.11212617426527623,0.9013326273056217,14
0.4858226320779108,0.3489541964522107,0
0.2488149616478497,0.4306769040684847,24
0.21046281134189432,0.40499514605948284,15
0.08204774627251571,0.9037154708322301,15
0.8349564767732482,0.06548407024975732,19
0.3571490131862449,0.18392021886859056,14
0.43954149788847713,0.6083311269967346,21
0.5890717917779885,0.8284352660841938,7
0.19831078169438934,0.22998852704968673,13
0.8558131517710936,0.293178007236784,6
0.5201241058346979,0.4709204836289825,0
0.2613979143325002,0.19106874944841584,14
0.5249504438507282,0.29547259729944403,8
0.46324226493148324,0.5761186126555466,23
0.3799017495475308,0.5848557055864443,23
0.8436611221235887,0.13511605330509222,8
0.8168577092131344,0.7887212073073868,22
0.34370421442730326,0.181890389197776,14
0.1781435835559769,0.26731974229988525,22
0.6178574506593123,0.6686082428735328,2
0.9645781263466344,0.4901597387697467,18
0.16202706196673272,0.6175094872473744,9
0.7143842109799189,0.9071573559262202,21
0.039558734809962935,0.655987997528903,9
0.06877531672843229,0.6376312770276233,16
0.4313539601827113,0.21172006001235547,0
0.9220029302766525,0.5079869384873357,3
0.9045936395759716,0.24913952872650247,9
0.32457123157804013,0.45494660665431114,19
0.5153839524260967,0.48336422204571533,0
0.22339050245626133,0.42935310210925776,1
0.9010600706713779,0.449739652281352,4
0.9071791777988452,0.07298561468537641,8
0.8184090321468586,0.15311975995057808,4
0.309230371455658,0.6773453358044303,12
0.6668964922864776,0.9074221163180655,21
0.51409118331466,0.43332450798693845,0
0.5665776092389899,0.3386285411702409,18
0.2863052658795139,0.3942282234577707,19
0.21994311815909678,0.44488571176418673,1
0.893389640610187,0.4715382578766216,3
0.23631819357062825,0.3824905127526255,16
0.3780056881840903,0.64928073426882,23
0.2102904421270361,0.4290883417174124,2
0.8323709385503748,0.4004942193981114,4
0.29716452641558216,0.4031418233165652,19
0.11548737395501163,0.8612655546730209,15
0.30957510988537446,0.449739652281352,5
0.18667585969145908,0.4340305356985261,2
0.08032405412393347,0.9123643102991793,14
0.8875290873050073,0.08825346394846,18
0.5983797293803327,0.8290530403318331,7
0.4122209773334482,0.20051187009090107,0
0.5062483840386107,0.20518930368016947,3
0.5334827199862103,0.8574706557232371,12
0.8131517710936826,0.7985173418056659,17
0.49133844695337414,0.8420262995322566,12
0.822632077910885,0.754037595975642,13
0.6698267689390673,0.6410731621216132,2
0.5693355166767214,0.29053040331833024,8
0.22192536412996636,0.2560232989144824,13
0.48116866327673874,0.2129556085076339,0
0.1827113677497199,0.4214102903538964,1
0.872877704042058,0.3714588297590681,5
0.4324743600792898,0.5367575677345335,11
0.6318193570628285,0.6213926396611067,15
0.8425407222270102,0.39158061953931694,21
0.3182797552357149,0.17712470214455917,15
0.40808411617685075,0.6732856764628012,7
0.533137981556494,0.24816874062306943,23
0.34749633715418426,0.7065572323713706,17
0.33913643023356027,0.4119671697114112,3
0.7475652848401275,0.2059835848557056,5
0.8883047487718693,0.2985614685376401,20
0.11841765060760147,0.6168917129997352,9
0.8571059208825303,0.43817844850410376,4
0.6263035421873653,0.5883858441443827,2
0.5173661983969662,0.29900273585738235,8
0.5617512712229595,0.23607801606213044,8
0.6243212962164957,0.6173329803194776,2
0.5633887787641128,0.30747506839643457,8
0.3182797552357149,0.3800194157620687,19
0.5463242264931483,0.26361309681404993,8
0.09290700680858398,0.6539581678580885,20
0.6676721537533397,0.6043597211190539,2
0.7042144273032835,0.9003618392021887,23
0.7454968542618288,0.9052157797193541,11
0.34809962940618805,0.21392639661106694,15
0.6286305265879514,0.5586444267937517,1
0.7956562957855726,0.18180213573382753,5
0.5570973024217875,0.8691201129644339,12
0.5770059467379125,0.8144029653163887,13
0.8769283805912264,0.46235989762598184,5
0.09928466775833837,0.8906539581678582,15
0.4113591312591571,0.5782366957903098,11
0.9073515470137034,0.5551142882358132,24
0.7309316556063087,0.17730120907245608,5
0.21192794966818923,0.4428558820933722,1
0.2297681634060157,0.45574088782984734,1
0.7313625786434543,0.14817756596946433,18
0.056450917866069115,0.9011561203777249,14
0.7019736275101266,0.9494307651575326,11
0.38567611824528136,0.5036625187538611,17
0.18116004481599585,0.4442679375165475,1
0.6978367663535292,0.9103344806283646,23
0.4753942945789882,0.43191245256376315,0
0.3013875721796087,0.18506751389992057,14
0.899422563130225,0.1721825081634454,20
0.5657157631646987,0.8444973965228136,13
0.49745755408084114,0.19583443650163268,0
0.30759286391450485,0.36431029917924274,17
0.24002413169008013,0.4339422822345777,2
0.8088425407222269,0.7669226017121171,17
0.9376023442213219,0.2763215956226282,16
0.3434456606050159,0.3682817050569235,3
0.7398948547789365,0.9348689436060366,11
0.3067310178402137,0.69570205630571,7
0.29483754201499607,0.6902303415409055,12
0.42454537619581145,0.19804077310034415,3
0.889597517883306,0.20907245609390165,16
0.4671205722657933,0.6003000617774248,23
0.9014909937085236,0.4327949872032477,5
0.8651210893734378,0.4947489188950666,19
0.8936481944324743,0.19362809990292115,6
0.46427648022063256,0.4174388844762157,0
0.19719038179781087,0.26837878386726677,4
0.12591571145393432,0.5739122760568353,6
0.8872705334827199,0.11702409319565793,8
0.33827458415926914,0.17818374371194065,14
0.5690769628544342,0.8542052775571441,12
0.4698784797035249,0.429970876356897,0
0.5514091183314659,0.3502779984114377,0
0.8756356114797896,0.06892595534374725,8
0.0753253468930449,0.6513988174035831,9
0.40429199344996986,0.5757655987997529,11
0.7603206067396363,0.221604447974583,23
0.38826165646815475,0.7060277115876797,12
0.5028009997414461,0.18409672579648748,0
0.055589071791777994,0.9221604447974583,3
0.19865552012410587,0.23678404377371812,22
0.9459622511419461,0.25911217015267846,16
0.6482806170817891,0.9297502426970259,11
0.926915452900112,0.5443473656341011,3
0.27251572869085583,0.15982702321066103,14
0.09006291476342325,0.5644691554143499,17
0.9052831164354045,0.4926308357603036,3
0.8316814616909419,0.8260524225575854,22
0.8315952770835128,0.07704527402700555,18
0.3711971041971904,0.16335716176859938,14
0.3184521244505731,0.4163798429088342,19
0.5466689649228647,0.2980319477539493,24
0.4115315004740153,0.6382490512752627,23
0.3697319658708954,0.407907510369782,3
0.319917262776868,0.353808136969376,3
0.3786951650435232,0.39917041743888443,3
0.054037748858053944,0.6322478157267672,9
0.16125140049987072,0.2813520430676904,17
0.4611738343531845,0.23846085958873883,0
0.8998534861673704,0.41267319742299885,23
0.6799965526157027,0.9511958344365017,23
0.5127122295957942,0.8577354161150825,7
0.5503749030423166,0.2913246844938664,8
0.08187537705765749,0.91174653605154,15
0.20701542704472978,0.4415320801341453,2
0.3909333792984573,0.6004765687053217,10
0.4566060501594415,0.46800811931868325,0
0.8872705334827199,0.24375606742564643,20
0.6536240627423943,0.6092136616362192,15
0.7237783331896923,0.1696231577089401,21
0.8140998017754029,0.05965934162915894,3
0.2095147806601741,0.4770099726414262,15
0.3908471946910282,0.5995057806018886,11
0.7743686977505818,0.2105727649810255,4
0.32862190812720843,0.6761980407731003,7
0.23778333189692322,0.2710263877857206,22
0.8213393087994484,0.4414438266701968,4
0.23485305524433336,0.42193981113758716,2
0.17452383004395414,0.19530491571794195,13
0.642075325346893,0.6292471979525197,1
0.8833922261484098,0.22531109346041833,20
0.3725760579160562,0.5860030006177742,10
0.6924071360854951,0.6052422557585385,15
0.37180039644919416,0.7364751566498985,7
0.597862621735758,0.8216397493601624,7
0.7011117814358355,0.9049510193275085,23
0.0419719038179781,0.9010678669137764,14
0.8920106868913211,0.7954284705674698,13
0.8380591226406964,0.8049598446739035,22
0.5518400413686115,0.2694378254346483,8
1.0,0.228135204306769,9
