0.08205940308950777,0.24535840145444807
0.2030338455671057,0.24896932817598486
0.11677728507293522,0.49811591452922743
0.09824233481195005,0.6284945237860091
0.09369044251129913,0.9125942905814394
0.31760767513019617,0.17356017666275536
0.2767017264449256,0.42073581828727125
0.37067897978956743,0.634616072838715
0.25865745259651135,0.7325150238370588
0.41775029547018516,0.8804253321616543
0.47569966643525685,0.21123117663715776
0.5480031393332975,0.2991321530247438
0.5032320425645899,0.4193283333354478
0.43028301226124976,0.6593301756728287
0.5631692448917087,0.8436359655275169
0.7205244156151319,0.0709036675849912
0.7544000602366279,0.23906687427461557
0.7822181674443935,0.44191077065458473
0.6527583823349803,0.6073115586355032
0.6878893992953872,0.9061440871216034
0.8472162020487641,0.0884296314766664
0.8996207443221588,0.2492288652258639
0.8993690733344941,0.4924990980635783
0.858643796849847,0.743657834918188
0.8314039121762882,0.9202337437929549
