0.08676311149498925,0.24504914336092593
0.19767160995826022,0.24933917913971437
0.12132339994644102,0.4996176429853218
0.11786274807707407,0.6351997456130479
0.0935742301720943,0.9125902386306364
0.31854258547298325,0.17254378859216696
0.27734336669977605,0.4171423619086942
0.31000304863825795,0.4869885668680541
0.28733454189986357,0.7077814926618745
0.3271859375804574,0.7789338201378755
0.4877344495656073,0.22286302052652657
0.5313710310818299,0.34563526280220075
0.45590802696675653,0.5204774702916699
0.42685583053658593,0.6726262933812963
0.5018556006232058,0.8564905566697616
0.7400842786103593,0.08960856137392588
0.78450854775182,0.2942262211435214
0.7470984283776201,0.49544304931982913
0.6736881609411085,0.6439920556991026
0.6883771618910136,0.9045483439643421
0.8221755245454198,0.11515219708892208
0.8427542414322338,0.268362578769155
0.8960553456744368,0.48896862436198874
0.8740830588174875,0.7249474314168997
0.8286907503595166,0.8884968176060161
