0.08207080809694992,0.24535866742148624
0.2030399123725398,0.24897792917449202
0.11672508224892345,0.4981422852452246
0.09821504532981876,0.6285120255596888
0.09369064152016104,0.9125941313670859
0.3175965111341174,0.1735652206716208
0.27664182616923405,0.42072667797268176
0.3693925502299158,0.6342140152324044
0.25875407800399425,0.7327024836579429
0.417746750429564,0.8804140144409061
0.4757294741818652,0.2112698745229942
0.5480304453293514,0.2991734160879915
0.5032318909442707,0.4193336671535713
0.4301989489279475,0.6593607755417826
0.5631616506808245,0.8436331176666454
0.7205601559116994,0.07110162395634981
0.7543450161970741,0.24027180503902065
0.7805952419496609,0.4439211052157036
0.6527547643528216,0.6073202150953468
0.6878923010378409,0.9061444345844225
0.8471143244798213,0.08859698929658465
0.8996200862205894,0.24929981011505134
0.8988733715251774,0.49080242344491043
0.8586757742685823,0.7435550304058008
0.831407750484229,0.9201248516769445
