0.08219497157278031,0.2453129034608272
0.20321529966286492,0.24881567254075157
0.11314928158110325,0.4999268463054733
0.0963055860083843,0.6283490783795189
0.09358250298103456,0.9125781580343703
0.3175961829332352,0.17339501193206008
0.25984538394734563,0.42359738380708384
0.35430519846700503,0.5024339131387788
0.2536238207160596,0.7029857830985894
0.3417455163108009,0.8025632667863091
0.47938227816616164,0.21330103523497115
0.535858333904456,0.3340946155249234
0.4423753948806374,0.5088712065408779
0.424479240488674,0.6660724469752894
0.5156444122391493,0.8527039767309427
0.7245480414509738,0.08252126276432781
0.7692180951622682,0.2764147286839986
0.7751275720235797,0.4591317038421342
0.6566889124281263,0.6065378668139539
0.6862261801648368,0.9055916948874162
0.834335077770676,0.0995497686049874
0.8542678054664733,0.2538181311658246
0.9007725234432755,0.4934201372761596
0.8659285749552778,0.7329055677711483
0.8260547896763657,0.8990060223949472
