0.0821507408748816,0.24536030227859112
0.2031277685700112,0.24900479106315285
0.11434089391492193,0.4995416748316076
0.09720751775602411,0.6287351950162543
0.0936916888764483,0.9125934722139324
0.31756825513977827,0.1735811220229338
0.2735669104871419,0.4210540317252378
0.35896135748628116,0.6207258185605757
0.2605151157514035,0.7332786590757504
0.417759861967834,0.8802791126279675
0.47592902449109653,0.2116004184496713
0.5488185129172134,0.2984453529026133
0.5026122531164653,0.41906235777848366
0.43042625096096526,0.6639106903403001
0.5631466241353233,0.8436211818219033
0.7208384332073761,0.072316935333665
0.754385781164088,0.24709418669177494
0.766890410595825,0.4576294016265357
0.6527487035839139,0.6073452390867071
0.6875626796170595,0.9060026859567256
0.8466343714344317,0.0894359231654359
0.8996327544339481,0.2493721113970452
0.8953227341700173,0.4814445579861156
0.8589728795725767,0.7426143449666455
0.8309752036278562,0.9188979564601216
