0.0822022317336668,0.24534414459951107
0.20322843778659455,0.24900580068453187
0.11181138908542489,0.5013366258068409
0.09380583021989353,0.6287294675607871
0.09364160807432347,0.9125774869351079
0.3175702248006485,0.17347282344140275
0.24880070630030635,0.42665986334987444
0.37737413087162347,0.5205372840021886
0.2526420766258178,0.7014235841031428
0.3632965079175958,0.8340901917590408
0.4769881044155814,0.21081038164596283
0.5420202522575869,0.3150721707069011
0.4415805459808532,0.46053934180914785
0.4266692238601721,0.6696824518532598
0.5437861476874166,0.8467575154208501
0.7217204304707235,0.075580308156548
0.7522961827855634,0.25525677797181096
0.7682791479822917,0.4606612251261193
0.6531472462330669,0.6077260094662641
0.6867935678208898,0.9058613035646887
0.8455966073440292,0.0880462373934315
0.8718913768359492,0.2525097391306441
0.8981021954286502,0.4881479558358562
0.861799255716933,0.737409515691029
0.8276867880194108,0.907885753267362
