0.08210192372007338,0.24535942626710402
0.20306444575441618,0.24899391773273705
0.11640709728152365,0.4983217748353526
0.09810822269767357,0.6285715154167739
0.09369112930824292,0.912593747004983
0.31757658757702073,0.17357484970065884
0.27630307890347233,0.4207329501311808
0.3665464275733337,0.6317449814718235
0.2591640347080023,0.7330974789705659
0.417744728350561,0.8803745051234926
0.4758086998009529,0.21137099235410514
0.5480968275539522,0.2992794939266269
0.5032487170911656,0.419306257015252
0.4302420162145177,0.6601549447834593
0.5631500698433016,0.8436276532500736
0.720656828772718,0.07161239505189847
0.7542947823308414,0.24367795137792364
0.7743395749456259,0.4504673392149282
0.6527469502042041,0.6073337383611974
0.6878610129816873,0.9061300533380815
0.8468488486823516,0.08901958198724896
0.899623204423203,0.24940592687556756
0.8972216513619536,0.48577578870994004
0.8587650634272179,0.7432670655735698
0.8313666843687312,0.9198432308041792
