0.08206497925849143,0.24535853052039916
0.2030366164534615,0.24897371168800603
0.1167549318607051,0.4981269816655317
0.09822777627787821,0.6285031720261103
0.0936905416829975,0.9125942108977791
0.3176019343601094,0.17356273830907668
0.2766755562265762,0.4207304759708963
0.37001028810589487,0.6344568166608288
0.25870180173206314,0.7326116632967214
0.4177483478893345,0.8804201510243377
0.4757144093933369,0.2112503867865969
0.548016894047509,0.29915252550050453
0.5032315610947883,0.41933193856108897
0.4302320371351326,0.6593215150882893
0.5631652461262752,0.8436345043580533
0.720541807351101,0.07100039881368275
0.754371481600525,0.2396445418195122
0.7814855527498722,0.44285319857918554
0.6527566380035531,0.6073159996042541
0.6878919482914366,0.9061446870100598
0.8471667149470986,0.08851156576006276
0.8996205038524739,0.24926420699748927
0.8991379519337065,0.4917008195922302
0.8586593924358399,0.7436078036115156
0.8314072714790581,0.9201791334092161
