0.11571708228722263,0.2447076571764792
0.16860074373192005,0.2768613391116285
0.1281832348620507,0.5147859500633784
0.1375113541776107,0.6379337168593727
0.09358042228792594,0.9126249540163696
0.3120386943730088,0.17692052226930088
0.29074499425677747,0.3828496701205916
0.29834266274538507,0.4896340418044159
0.3103405666106707,0.7011570935792859
0.33313381239342427,0.7820182031393058
0.498282916949969,0.24477991803305432
0.5189409907924464,0.32144548701869147
0.4589201398243566,0.5069364804613644
0.43769293089849953,0.6869263155396532
0.501481885790015,0.8524550746154453
0.7514257936246468,0.09631859135235214
0.7727277440225329,0.29570381956103053
0.7425522003766146,0.49808339828086357
0.6905021673911653,0.6730105837511655
0.7063116850807287,0.8972972277628206
0.8183310480669889,0.12289430866402626
0.8413485153285888,0.2830906121604249
0.8849140272384821,0.48505500526701595
0.8762859499042774,0.7216264358780239
0.8257083269374519,0.8846909728073743
