0.08204485624379887,0.24535807188474695
0.20302789789242248,0.24895620250568748
0.11680457005682524,0.4981026542031863
0.09831314365125776,0.6284649883476879
0.09369015134823638,0.9125945311839225
0.31762521197553656,0.173552967753661
0.27674094138262345,0.4207624147256832
0.37314111934612104,0.6345290143724811
0.2585659983296406,0.7321776615026567
0.4177580182223252,0.8804322635395376
0.4756582185367264,0.2111761930162908
0.5479613641079316,0.2990759993890813
0.5032377697130331,0.4193076709228211
0.4305661801345461,0.6597085932216878
0.5631832485026695,0.8436405318959456
0.7204789571913134,0.07065116834850746
0.7544819331174065,0.23766404118132342
0.7835532392713404,0.4398004233003779
0.6527620270421779,0.6072979968796482
0.6878665404856465,0.906136364713741
0.8473400431700243,0.08821602938795145
0.899618085734177,0.24914021411757173
0.8998382450232194,0.4942011697406236
0.8586012037641526,0.7437916570721338
0.831374071896499,0.9204011540782566
