0.08208299648880284,0.24535895990215506
0.20304817317529963,0.24898553882029148
0.11663777632240888,0.49818940817483837
0.09818739889973212,0.6285318785108822
0.09369084107601003,0.9125939735791424
0.31758699218041564,0.17356971196356696
0.2765464995155134,0.42072372089485616
0.3682500638100074,0.6334858035078788
0.2588855551053643,0.7328703186919907
0.41774469782109985,0.8803996519379453
0.47576034484776103,0.21130945211637525
0.548056842026205,0.29921603284794834
0.5032352700013594,0.41933075940161657
0.4301790020976035,0.659566308786808
0.563155751447903,0.8436306268500475
0.720598735285414,0.0713104844809525
0.7543057358573921,0.24163128614822793
0.7783648182383701,0.4463880020321078
0.6527510327520581,0.6073274103701791
0.6878867364389962,0.9061414772907946
0.8470053333786565,0.08877175505299824
0.8996197813040676,0.2493619974488063
0.8982584905823086,0.48879735119690315
0.8587105183539758,0.7434428742966007
0.8314004511378579,0.920016058104838
