0.08218394650301838,0.24535648998054133
0.20323116396224067,0.24910335890910162
0.111852932535213,0.5012234388849329
0.09508378361607774,0.628788151824131
0.09369588916545014,0.9125915456747361
0.3175790578517757,0.17355486840387319
0.2528837008460152,0.4255397535388517
0.3691660188890815,0.5700442083524186
0.2584070883984623,0.7217291792033671
0.40764510549825494,0.8687956125108434
0.47612765060172696,0.2104771164908525
0.5482415586948107,0.2995937959385981
0.4659762376666287,0.4265963778755517
0.42696078034007207,0.6683305742867837
0.5643873678914363,0.8436706366777275
0.7213690621931128,0.07351188393542674
0.7529244392514252,0.24949378001068773
0.7656819322297196,0.45974948643274105
0.6529660466417221,0.607493533463751
0.6867597246554104,0.9056996794025794
0.846971851889282,0.08785398770936997
0.8932063827742784,0.24915946775994713
0.8956557457135842,0.4827359405923519
0.8597903424886015,0.7406547539645079
0.8297006668066603,0.9150890301104141
