0.08219133446223013,0.2453535351018474
0.2032416070349097,0.2490997628971344
0.11168504732646305,0.5014026550503926
0.09440994691447355,0.6287719442740777
0.09369157214386985,0.9125887482183743
0.31757584147530166,0.17352863907351662
0.24909480982776128,0.42664565356043227
0.37517419305825295,0.5503227509846185
0.2561825719970981,0.7132445685607758
0.39193374803328407,0.856177578849071
0.4761737287988737,0.2103027042006396
0.5469323959021657,0.302048711138295
0.45678530016019797,0.434376326830088
0.4267361185836996,0.6687802170575401
0.5640590966291082,0.8437151168914229
0.7214876046708952,0.07390878248085272
0.7521041918244388,0.2509360364399252
0.7659278898360856,0.4603107671986211
0.6530331086475277,0.6075701756539604
0.6866196513546585,0.9057342358609475
0.8469330607647548,0.08711211356923124
0.8841814522442446,0.2499928404579405
0.8963122518417561,0.4845275106818411
0.8603128204858004,0.7397053255228062
0.8290864422012267,0.9130147226293955
