0.0968080525274513,0.24468266541922576
0.18985936607038117,0.2569879760842481
0.12352169249725718,0.503397778585363
0.12374262131764287,0.6368684542053089
0.09357779413555242,0.9125917253603375
0.31748133915667837,0.17295047859099494
0.2819872538052859,0.4106590060627513
0.3049523580954625,0.4849055095948752
0.2968880467483806,0.7061472561904775
0.3281396075292973,0.7787200377524165
0.4918867543189847,0.22813394669699405
0.5285983442997038,0.3409280221345464
0.4562610292832636,0.5151374300096435
0.4289813426381254,0.6776887476040363
0.5015069369334405,0.8560885720391335
0.7438945094028221,0.09094360066660005
0.7838560373505502,0.29503404365447555
0.7450807262074473,0.4980128175761534
0.6774339173092417,0.6510293019812845
0.692703545221621,0.9021158313913105
0.8202936684479475,0.11778894165951616
0.8417422633731535,0.2722582212872608
0.8937662231956818,0.4879708175777408
0.8752621179604363,0.7237841873785891
0.8287890545516129,0.88723505514166
