0.08220150288084567,0.2453206850794888
0.2032094215182359,0.24884929470044262
0.11272865057652728,0.5003375818254442
0.09526562773294611,0.6284140686272184
0.09358997462059997,0.9125764510382552
0.31758090230311053,0.173411580346778
0.2575241801164025,0.42419792622267155
0.3599109143820236,0.5037278944546615
0.2523088002032241,0.7015332858381372
0.3447046475369745,0.8078645362761664
0.4788391635732849,0.21268836499169488
0.5366161931157464,0.33158456251074486
0.43754196521069094,0.501054589866019
0.42529423631017865,0.6673443431510508
0.5194880911514271,0.8515125610110472
0.7234433635093475,0.08102511722392805
0.7649189799961438,0.27206204020922947
0.77519939374413,0.4582457605003585
0.6556759300137663,0.6040618012577459
0.6862677813779777,0.9055554394292222
0.8365471577342242,0.09698661022687582
0.8573294954497794,0.2530027402893057
0.900805189742851,0.49364163782858833
0.8646126672310253,0.7338532919198884
0.826147131773399,0.9003527272668491
