0.08220472727804025,0.24533695999275473
0.2032168241055873,0.24894097235884782
0.11204284233313624,0.501097128098636
0.09394174417863227,0.6286494006386216
0.09361736480790604,0.9125750077118169
0.31757025273259404,0.17344838914781377
0.25139039192261203,0.42585718984055004
0.37271791096562984,0.5112113987419388
0.2516907348255307,0.6998093030646554
0.3540490318482608,0.8233701172281752
0.47764701547049876,0.2114225449684642
0.5395053681698371,0.3225778823271907
0.436938656445697,0.47662907401251986
0.4266868595496619,0.6697025823651073
0.5319502218267301,0.8489372213570854
0.7219205992635469,0.077237659302512
0.7547777643560865,0.26038992560186897
0.7703849863596216,0.46064760997203735
0.6532172215474169,0.607775523162648
0.68656135377198,0.9056969997175964
0.8429780723442926,0.09050214344037512
0.8666402875212321,0.25302984816592017
0.8993141163494055,0.4904584769441647
0.8627456644738559,0.7361041668419419
0.8270011897458944,0.9049971449856573
