0.0822050418124563,0.24533263797395005
0.20321222296454594,0.2489094534672835
0.11221111710736172,0.5009076396919085
0.09417943247496612,0.6285840368831879
0.09360728538750153,0.9125748105090177
0.31757179826444726,0.17343739030946032
0.25318023645716314,0.42533658600099816
0.36901523566508776,0.5078730516879719
0.2515110295055419,0.6998869812535963
0.350629154609889,0.8182490723686142
0.478000345146974,0.21178420405859316
0.5384227254445093,0.3258967820127282
0.43555651582165433,0.4847942787728357
0.42652331383238573,0.6692855989831861
0.5273744514567262,0.8498073275283778
0.7221875603182858,0.07833204899857982
0.7573514450884117,0.2639319554108934
0.7717058239392693,0.4604058600816091
0.6532665230057088,0.6076602707026926
0.6864500090695587,0.9056341537326565
0.8410251241635566,0.09236180478811187
0.863719862317971,0.25295866968777614
0.8999599841214223,0.4917801449038181
0.863296403517527,0.7354117610752245
0.8266847705636525,0.9034866979751881
