0.08210826489699352,0.24535958375062664
0.20307070983228695,0.24899567626554564
0.11629201899349476,0.4983895478848645
0.0980623622954681,0.6285882088309426
0.09369121903630229,0.9125936771593713
0.3175741281605211,0.17357611808909668
0.2761835255733644,0.4207409074317314
0.36592161152064656,0.6309596150090145
0.2592827045683117,0.7331683547166946
0.41774560496485263,0.8803652453270676
0.47582594937944583,0.2113931345913171
0.5481123718748058,0.29929942478026356
0.5032561652011153,0.4192906169088406
0.4302840931940105,0.6604219120314017
0.5631489076583122,0.843626835765937
0.7206754696484835,0.07170510044094906
0.7543022483753823,0.24429254593701985
0.773005881614701,0.4517649039716813
0.6527462521834491,0.6073347443254342
0.6878463758756623,0.9061237359550605
0.8468022624780465,0.08909372918183708
0.8996253648936726,0.24940733515230396
0.8968840449656807,0.4848981321292253
0.8587836065884263,0.7432075314689418
0.831347511804196,0.9197786417935453
