0.08219764947195458,0.245349590253022
0.20323867947877947,0.2490633787437748
0.11168782244251223,0.5014345061433954
0.09397289166625693,0.6287606731877406
0.09367087566478528,0.912583010299253
0.31757243674194596,0.1735003092214317
0.24783432665070612,0.4269947138315271
0.3782473815688253,0.5335765070053673
0.2541832633749168,0.7059140834924447
0.3767751276519943,0.8455099849822603
0.4764466431053983,0.21039954814066825
0.5447250340795449,0.3074763245763341
0.4484142228956984,0.44598024557492066
0.4266785783687414,0.6692825458221813
0.5589236806212645,0.844224357547574
0.7216062316584916,0.0745273425368455
0.7518502091697135,0.25249333514522426
0.7667839394465015,0.4605573111702637
0.6530886155966971,0.6076523303190602
0.6868980873924756,0.9059695070433256
0.8466449315812223,0.08710099803589456
0.8772622022304328,0.25135746601825704
0.89711603381802,0.4862553115942343
0.8609883115699489,0.7386130355325063
0.828404675036754,0.9105751611948936
