0.08217587332526469,0.24535868355248805
0.20320674575191902,0.24907877658564603
0.1122553596696714,0.5008868260471538
0.09589798264483854,0.6288187558224159
0.0936937464044428,0.9125930117596084
0.31757935548701555,0.17357403217041567
0.2586905568171107,0.42395907509876757
0.36249204793799467,0.5908177377927911
0.26053706090766543,0.7288639257763092
0.41769651176121037,0.8787136587103707
0.4760873704545836,0.21077348375920535
0.5488865872327295,0.29862364635943967
0.4761218378023221,0.42230142295350304
0.427886001444256,0.6681164206352113
0.5638394916865962,0.8436756781383843
0.7211944896727821,0.07310299217580782
0.7539570624237867,0.24822503570776594
0.7657323198961297,0.45912766697871454
0.6528860998284687,0.6074279801244733
0.6870247398927734,0.9057864771180453
0.8469342995104244,0.08891699895493906
0.8987426539127468,0.24940746272211708
0.8952612542983448,0.4813496730561126
0.8594206493595467,0.7414345390937485
0.8302015581401383,0.9167084911092352
