0.08217149853092187,0.24535944757127476
0.20319110903734658,0.24906178486936031
0.11255951814803436,0.5006625674502092
0.09626672551280797,0.6288223646334626
0.0936926767081273,0.9125934978070169
0.31757789405361614,0.17357953422741873
0.2619852240352955,0.423151776816921
0.3599014425527987,0.6000930654101427
0.26096727697364835,0.7306208319563352
0.41788981661027186,0.8797580101954804
0.4760406455471574,0.21095541019990355
0.5490560134235863,0.29834454326323445
0.4817796448392667,0.4209987482502591
0.4284651178283476,0.6676235125397122
0.5633855144464383,0.843646517952137
0.7210981545864621,0.07289799050454847
0.7542614750601884,0.24792385597812894
0.7658079591774282,0.45887223438124
0.6528440314391047,0.607401347538584
0.6871531837625566,0.9058343065171071
0.8468605941101766,0.08921758124944291
0.8993569026462945,0.24940902058843786
0.8951683019730418,0.4810845419025932
0.8592848001582257,0.7417577523589665
0.8304058372303222,0.9173409373163898
