0.08213501694095385,0.24529498341942962
0.2032562001455373,0.24868922579255437
0.11458081718367834,0.49884529648165044
0.10014585692760315,0.6286954149298677
0.09356982276305187,0.9125829678080033
0.31771491465497514,0.17331445104955528
0.26487460450369865,0.4222378543542366
0.34034192086656434,0.49948055392020674
0.258654938114908,0.7065887674039777
0.3357128281958843,0.792489808123838
0.48091191851816356,0.21501780677950819
0.534530257915355,0.3390891344243244
0.45160449520632623,0.5205299883728642
0.4245186449879878,0.6640886585284668
0.5087773585221989,0.8548533502586394
0.727935771918865,0.0853565902639885
0.7767353561029009,0.2850761261424706
0.7665790463434922,0.47037829942415993
0.6626425091655949,0.6224250639861023
0.6863660954381351,0.905899366549808
0.8302619280110465,0.10476671690798293
0.8493480361369463,0.25745469630486306
0.8997260755665439,0.49157020697891785
0.8687900557039401,0.7305539149794512
0.8263518726145633,0.8964519623080873
