0.08208925873641358,0.24535911296827004
0.2030531191199661,0.24898879411359912
0.11657668086500472,0.4982237076643537
0.0981683010038816,0.6285435226952986
0.09369093943595816,0.9125938960955619
0.3175829984035485,0.17357165022864632
0.2764812595797655,0.42072475264913983
0.3676956129410771,0.6329977139035774
0.2589665384799392,0.7329487905865109
0.4177442807723666,0.8803916915232547
0.4757761182950743,0.2113295414507103
0.5480698224941449,0.299237425476072
0.503238499201335,0.41932564799528416
0.4301888682762863,0.6597267555094071
0.5631534534893228,0.8436295364674395
0.7206183445878025,0.07141424427974279
0.7542955378171896,0.24233120470287411
0.7770708083235651,0.447736189152345
0.6527493843089824,0.6073301511557524
0.687880720624809,0.9061387131836645
0.8469511675027147,0.08885768655915849
0.8996203229752695,0.24938409150215712
0.8979194653255144,0.48775557161393424
0.8587285297047066,0.7433847464216715
0.8313925459269503,0.919960572205897
