0.12352347026721765,0.24486913309011032
0.15719594281012558,0.2828453870091225
0.13242804950757503,0.5190307325791798
0.14594624810417708,0.6393269645118449
0.09359520744195339,0.9126373297250622
0.30965438270357215,0.18191739906959076
0.29306313582177584,0.3593755131155031
0.29591673392750223,0.4943957865561903
0.3128432594911588,0.6979802887350814
0.3354141429134496,0.7867351128318243
0.49680727108170386,0.24860611866686833
0.5133084320587114,0.3149613734986963
0.46275050681351576,0.5029700644637398
0.4446778276296614,0.6921610056532086
0.5012799086133551,0.8487007459905888
0.7545340997558142,0.10171543498635878
0.7593962902966066,0.2952995424112077
0.7407210382792011,0.4953474508289018
0.7014528792055815,0.6876966375581344
0.7119453845868743,0.8943576970156283
0.8193518432782441,0.12533034896685905
0.842614448853588,0.29011684110500097
0.878340223404144,0.48362467546382554
0.8761878182028796,0.7170494323148443
0.823562225264395,0.8810681738397457
