0.08216680579814803,0.24535995592306878
0.20317460217703717,0.2490448901041601
0.1129330670402417,0.5004086275708247
0.0965571046303877,0.6288070471643467
0.09369210086283535,0.9125936569038494
0.31757549214021213,0.1735822743540982
0.26532840468289115,0.42242224846830345
0.358322693798442,0.6078123921686892
0.26104285528013227,0.7317031536992973
0.4178005820566858,0.8801004127318174
0.47598450161063477,0.21115979924766778
0.5491472121141059,0.2981484274830111
0.487883893862162,0.4199922617648117
0.42906727762392965,0.6668476900619944
0.5632130205818572,0.8436300345280758
0.7210111010044922,0.07271633001054456
0.7543850417435971,0.24771438832617954
0.7659520647919291,0.45862835730856755
0.6528059026139732,0.6073787346824253
0.6872741916648553,0.9058822693998679
0.8467702842793331,0.08936215925330952
0.8995471124358922,0.2493829253475095
0.8951367966458623,0.48103706808847096
0.8591764767145516,0.7420351896125912
0.8305828034555093,0.917863507575324
