0.08216177169860704,0.24536024078104574
0.20315818397860563,0.24902967562711226
0.11336821969826139,0.5001322223082747
0.09679502448362355,0.6287825556825613
0.0936918611989758,0.9125936193869292
0.31757260255577613,0.17358291295469697
0.26857351234857435,0.4218249888519441
0.3577661178459826,0.6136522906889942
0.2609281231542603,0.7324493900533571
0.41776852708824036,0.8802152087702882
0.47593776576796,0.21136813133634352
0.5491544051218242,0.2980561673478305
0.49413907241499316,0.4192302856866569
0.42963383561142887,0.6658626314259214
0.563165020107026,0.8436242859320371
0.7209390891933133,0.0725613355146093
0.7544110684814703,0.24752282220029387
0.7661772828359417,0.45835631422819767
0.6527760375344034,0.6073612238995596
0.6873840740784992,0.90592760783577
0.8466991447927159,0.08942366547296475
0.8996070449117335,0.2493714871523787
0.8951599145651578,0.48110818720333764
0.8590914685224869,0.7422673267047868
0.8307352159839229,0.9182878302112226
