0.08218773493207994,0.2453551102796758
0.20323828658062862,0.24910586517491856
0.1117436868384006,0.5013325524710133
0.09472288351317107,0.6287783907744361
0.0936952796556952,0.9125904803313274
0.3175776401765293,0.1735422903540623
0.25068422722528644,0.42617851655946787
0.3723990466620314,0.5598621596944306
0.2572574793628723,0.7174201184070312
0.3997018593617876,0.8621215632808401
0.47613723012229703,0.21036690659269847
0.5476930592614403,0.30052778845039513
0.46129170373673745,0.42999415234336236
0.4267639186007491,0.668476234889924
0.564320200090734,0.8436807521315087
0.7214316549979949,0.0736993951134472
0.7524340902403907,0.2502480496510718
0.7657377711228283,0.4600676257005901
0.6530015560268458,0.6075307755779953
0.686648878434619,0.9056820699743597
0.8469667293194898,0.08739314210689753
0.8885626601545615,0.24942497944569603
0.8959617272138553,0.48364145604838626
0.8600318151519627,0.7401999343183606
0.8294044009463861,0.9141046248087487
