0.08201990297115005,0.2452851594927918
0.20327613297899794,0.2485275092968745
0.11568652247956081,0.49828660109867284
0.10331818535455986,0.6295089834777354
0.09356668943349133,0.9125858415884673
0.3179016421700992,0.17319800232903818
0.26769329565988015,0.4214464325664433
0.3327568709321892,0.4975560000490377
0.26293594996479114,0.7081942547927151
0.33252343889357633,0.7879331638137725
0.4819728534777136,0.21619230645047632
0.5339071750454121,0.34166582288838865
0.45421177029242316,0.5238661493175796
0.42490152286213945,0.663779391317385
0.506258652056895,0.8556208335327693
0.7303131124716298,0.08656193562743633
0.7795652249292301,0.28857311175192135
0.7600782487017794,0.4784868755319102
0.6656347038182474,0.6286485704890001
0.6866017577569454,0.9060755616047627
0.8283075269781044,0.10735523960287281
0.8473921000695696,0.2598206840883335
0.8990801204965992,0.49086280557891493
0.8701094315611262,0.7291873748547454
0.8267050109320233,0.8946650571382478
