0.08179277968767933,0.2452749415923239
0.20315581193573035,0.24820099885472838
0.1171050910338598,0.49793495785709807
0.10745874939336601,0.6309970732448109
0.09356731489993243,0.9125882837973894
0.3182719405986081,0.17296365875009329
0.2706663378986812,0.4205829066508418
0.3251435209170444,0.4951935793978543
0.26913074227959943,0.709052882388454
0.32960588902740345,0.7838345507762131
0.4833048400131182,0.21767748506678544
0.5332904901211346,0.3441186997799001
0.45562648159736074,0.525451210343698
0.4252714329053021,0.6647555493928247
0.5043248177423948,0.8561926535794309
0.7331706395488503,0.087616875988144
0.7818460555066542,0.29119484152536274
0.7544066387749436,0.48566502929147365
0.6681982174268345,0.6337226130522524
0.6869305367837579,0.9062273385817519
0.8263062857667238,0.10993919868267858
0.8456441782786402,0.2623628263761432
0.8983853573278747,0.49030324191326324
0.8714437132110735,0.7277349757761374
0.827294052552342,0.8925597619975462
