0.08217867378378485,0.24530425218314525
0.2032301623710534,0.24876942772058147
0.11374898829499845,0.49942071628990997
0.09786931754222035,0.6283879038904249
0.09357564504917257,0.9125803432730016
0.31763194505195663,0.17336824078039928
0.26226784732676456,0.4229517770410246
0.34765469578727953,0.5010987079609943
0.2556801212294084,0.7047359120184238
0.3387790803941231,0.7973983757954286
0.4800610908439117,0.21406778060123818
0.5351748801651892,0.33655566566701833
0.4475660215133512,0.5155334025829028
0.42427611759246153,0.6649381410232437
0.5119330711626462,0.8538983387528497
0.7260289904632065,0.08399503846956956
0.7732670081592992,0.2808712892310495
0.7722258067446001,0.4632046970612928
0.6593114975241825,0.6146672130712016
0.6862520896296291,0.9057351013629646
0.8322459290658926,0.10216180599639388
0.8516033614812736,0.25536439196284966
0.9003525813628948,0.4925197838821808
0.8674217737762433,0.7317944440450074
0.8261540569345125,0.8978575767436358
