0.08209557889444681,0.24535926886687984
0.2030585613262949,0.2489916050504638
0.11650078636119691,0.49826721212844777
0.09814270108980362,0.6285566665836244
0.09369103580102423,0.912593820312734
0.31757953468780603,0.17357336292328449
0.2764011231375025,0.42072772116780505
0.36713268022944384,0.632420371725063
0.2590590071366546,0.7330243787207255
0.4177442882246792,0.8803833065919405
0.47579218412435664,0.2113499638555033
0.5480829722767228,0.29925865750115604
0.5032429199498091,0.41931765433064105
0.4302101667444276,0.6599232378930572
0.5631515702381877,0.8436285482239867
0.7206377726120892,0.07151526494483695
0.7542921150542337,0.2430193976547031
0.7757117798750977,0.4491105786221747
0.6527480030957767,0.6073322469177678
0.6878722755026944,0.9061349634264575
0.8468987113862542,0.08894065798800883
0.8996214747330574,0.24939862079090386
0.8975703785735744,0.4867370023647592
0.8587467342680574,0.743326057144916
0.831381456048149,0.9199033465413404
