0.08218000067026675,0.2453576872119078
0.20322042679073782,0.24909354327130998
0.11202115335202818,0.501074702334081
0.09548322287320704,0.6288026577781651
0.09369500342421143,0.9125923041692445
0.31757971695716414,0.17356567445787435
0.25559996956536707,0.42477813314733864
0.36575840170031904,0.5805881205655199
0.2596089048725548,0.7258398058370009
0.4145910075046887,0.8751803180826844
0.4761158683866413,0.21061463908057018
0.5486246985936384,0.29901254360155866
0.4708896311273193,0.4240918476776381
0.4273679967728159,0.6683157192625228
0.5642670506170498,0.8436779938090184
0.7212892679594058,0.07331464375970724
0.7534845402551245,0.24874987488868266
0.7656970124909056,0.4594197656524476
0.6529272593272284,0.6074589990698074
0.6868912631546069,0.9057397933201479
0.8469640911445631,0.08842325793084643
0.8969200616641169,0.24925821053778197
0.8954196953264735,0.48191174638428613
0.8595876357370503,0.7410667653604066
0.829967055792509,0.9159584765332824
