0.08210600972298514,0.24523970424284772
0.20211949166819065,0.24778229960000764
0.11894877876893414,0.49815148130800224
0.11240601977066653,0.6330340965119415
0.09357038029417378,0.9125896355501028
0.31871476381534863,0.17263964652723296
0.273734589957179,0.41954516911158407
0.31734467251100423,0.4915834790079368
0.2775437626597892,0.708842900704309
0.3276703412379361,0.7806345242419663
0.4850649874184605,0.21970332631206252
0.5325875450103659,0.3459203473496828
0.45604121234994244,0.5245030736071666
0.4257743373706584,0.6678360499943562
0.5028570310981688,0.8564867344917276
0.7364621047744385,0.08858479211520218
0.783590930541332,0.29301527620694806
0.7501033898679763,0.49133048164221893
0.6707074782309519,0.6385155171624951
0.6872031899102736,0.9059693214467341
0.824237894866243,0.11253402800509164
0.8440827505550221,0.2651483238913668
0.8974694689547851,0.4897170679270356
0.8727828116977864,0.7262905178869643
0.8280464791075046,0.8903542681840263
