0.08214490362403012,0.24536023007663887
0.20311519652540497,0.24899625513884172
0.1148040470744832,0.49926584953011094
0.09739221786937055,0.6287140320513043
0.09369162877104456,0.9125934470529085
0.31756769868099394,0.17358005106743532
0.2745475985368228,0.4209190870935232
0.36026234622267456,0.6229888207333923
0.2603033409378483,0.7334293482275155
0.4177585214508325,0.880293953538984
0.47593349957542636,0.21159672265752155
0.5485570746060799,0.2988827651836132
0.5032711978494098,0.41905427332974676
0.4305915157070846,0.663109767472977
0.5631453964392322,0.8436214983087126
0.7208038464803348,0.0722177260625972
0.7543717856628487,0.24683486736591756
0.7673922058206892,0.45714208039678195
0.6527456545469572,0.6073419334451294
0.6876320165710769,0.9060321439852433
0.8466310772533124,0.08941313338180795
0.8996345422957784,0.24937622003584392
0.8954505712424001,0.48169689959579887
0.8589312344295505,0.7427420464821732
0.8310667674996268,0.9191122087070059
