0.1405325028992845,0.22831989316309617
0.1383501858826973,0.2914212722791057
0.13749543052523167,0.5167727997234224
0.14445710806762513,0.6661448303426987
0.11259734364988697,0.8897425767045345
0.30572878263161907,0.19082828582541062
0.28899740271018526,0.3040090589094342
0.2932215075736142,0.5014777640485885
0.30570459114143544,0.6957310786264683
0.31640139865296046,0.8306810251981273
0.49992413889313503,0.192546691782852
0.5013335647765192,0.3029982234166191
0.4803254973260944,0.49789772219831374
0.4700800554344101,0.7033605054951695
0.503352201558677,0.853467188011101
0.7455082913871476,0.11949241960415394
0.7225832398424533,0.2915563807815152
0.7244703015873847,0.4906902820980388
0.7128344438065138,0.7087995053875729
0.7148510301112707,0.8828282772053391
0.8333862177740698,0.13054646255228022
0.8548131135276525,0.29796465877901873
0.8728924455803678,0.4913509303607086
0.8699537761096302,0.7032452321992682
0.8323309772654202,0.8710922413601554
