0.08213309941274732,0.24536015763271593
0.20309835667021306,0.24899589915505832
0.11551165749404203,0.4988516452485045
0.09770770773123841,0.6286709093051861
0.09369151606777226,0.9125934677392309
0.3175683833358408,0.17357921520106456
0.2753838715155597,0.4208192202412591
0.3626745189511299,0.6264013030546891
0.2599069838359726,0.7334227553666804
0.4177533906761082,0.8803215940726872
0.47590851122575206,0.21151543057556219
0.5482597734474259,0.29928943754798937
0.5033128110127418,0.41913997612287923
0.43055397553582053,0.6619089260307389
0.5631463324802434,0.8436236677196784
0.7207522470064178,0.07204319415933955
0.7543500159110073,0.24619426506117575
0.7687418331811948,0.4558478119195158
0.6527458355502219,0.6073378589161652
0.6877360874648136,0.9060765457240798
0.8466605341384382,0.08933473888817196
0.8996336462329733,0.24938717345518074
0.895798204031944,0.48240247628528465
0.8588689347459648,0.7429366881028542
0.8312032817280212,0.9194202223300412
