0.08219467130147083,0.24535172031718183
0.20324148556596283,0.24908516720126295
0.11166881295944245,0.5014356583976343
0.09415706963823336,0.6287669187928038
0.09368347785924705,0.9125861894277738
0.3175740330270549,0.17351450990034512
0.24815135562061233,0.4269171442346876
0.37719516158211114,0.5415275628390587
0.255149000558861,0.709328261792108
0.3843288672098451,0.8508244226291976
0.4762709096667661,0.21030878236190054
0.5459350566330738,0.3043630439854334
0.45246645530696794,0.4397332440787781
0.4267437572075177,0.6690913485353712
0.5629787617430442,0.8438066426792524
0.7215455893461898,0.07417524643941545
0.7519170199159945,0.25163989564286543
0.7662759152081625,0.4604660192733345
0.6530612996785964,0.6076111623771709
0.6867562471762467,0.9058834746944058
0.8468417545207961,0.08701174890890208
0.8804373335720967,0.250674920531361
0.8966960423517008,0.48538918091593025
0.860632538503321,0.7391747696298722
0.8287540980349511,0.911832557068106
