0.08205414392169982,0.24535828134363613
0.20303153793728246,0.24896487527048983
0.11679288035240026,0.4981084212637909
0.098260432692617,0.62848563057333
0.09369034433778561,0.912594370404453
0.31761359310624165,0.17355762047270437
0.2767211327669342,0.42074279691269467
0.3714136610601378,0.6346866381462845
0.2586203656414305,0.7324114326283415
0.41775256918820103,0.8804292989299356
0.4756853251348283,0.211212335066564
0.5479892478047472,0.2991124837127989
0.503233274427006,0.4193230011920217
0.43035398808196473,0.6593924668766513
0.5631736105660993,0.8436374781959164
0.7205081198306674,0.07081273382555317
0.7544289278191365,0.23854393865796594
0.7827994215508481,0.4410931544074923
0.6527599103482475,0.6073070168497969
0.6878844748950058,0.9061425650862209
0.847261923243357,0.08835250182387355
0.8996205493313352,0.24919569662568258
0.8995641698140101,0.4931847633137649
0.8586289700753836,0.7437050404594739
0.8313974551802317,0.9202888703966737
