0.08212083912097207,0.24535989166779368
0.2030841145378004,0.24899726598181915
0.11597919334048665,0.4985752792477322
0.0979255261720499,0.6286270972276551
0.09369138279659227,0.9125935535637335
0.3175705152737592,0.1735780456060775
0.27586166146023516,0.4207680514600645
0.3644896093703417,0.6289977375121684
0.25956455292300157,0.7333036142466007
0.41774866236278924,0.8803449879074051
0.4758644096884265,0.211444608309829
0.5481572432659897,0.29932921389973355
0.5032779534529424,0.41923970145942346
0.43040057550738947,0.6610683267636314
0.5631473614175291,0.8436253283712466
0.7207122988864842,0.0718783154325309
0.7543253203638258,0.24535722207359426
0.7706171952483444,0.4540576388036732
0.6527458161338756,0.6073360447447649
0.6878037903976422,0.9061054825184308
0.8467211215030478,0.08922604599605952
0.8996300495116091,0.2493995358890724
0.8962780831996726,0.4834469886773804
0.8588226902712229,0.7430827631132366
0.8312918149878029,0.9196267138558042
