0.08211457776923801,0.24535973966481933
0.20307728749121873,0.248996817200195
0.11615118931967108,0.49847305042121276
0.09800244089277954,0.6286067829363994
0.09369130395651308,0.9125936120751081
0.3175721180290493,0.1735771796332385
0.2760381450267687,0.420752274031781
0.36524203302370745,0.6300494789546291
0.25941599161742646,0.7332371185158318
0.4177469176475091,0.8803554430273324
0.475844358630037,0.21141724294607586
0.5481314015966875,0.2993171379446889
0.5032656916026246,0.4192692819375706
0.4303367198090651,0.6607253191012114
0.5631480272038772,0.8436260720904822
0.7206938385326881,0.0717934942192526
0.7543129443164868,0.24485375751258678
0.7717546313779067,0.45296937402453996
0.6527458954390911,0.6073354426707824
0.6878276184459499,0.9061156837905598
0.8467595056964906,0.08916265134825603
0.8996277303457112,0.24940462857932444
0.8965671253298704,0.48411993123157443
0.8588026485445843,0.7431466036658941
0.8313229695449966,0.9197074307646593
