0.08220018671013786,0.24534707767863212
0.20323406272863692,0.24903627983505783
0.11173646136572468,0.5014014513763941
0.09385625071180889,0.628749463176024
0.0936560554376962,0.9125799173732083
0.31757114331291914,0.1734863227331838
0.24807860072998286,0.42689920003133053
0.37829774539886807,0.5265787490314114
0.2533412538846862,0.7032662437754738
0.3695662099747757,0.8398171316482249
0.4766931731183246,0.2105719377949857
0.5433848659381232,0.31115655252398555
0.44475120516285516,0.45297376635813097
0.42664423541750707,0.6694764493753406
0.5514876585336156,0.8454001669641432
0.7216648881514655,0.07498852654602571
0.7519363766671255,0.25364596630168573
0.7674517135313702,0.4606158653901577
0.6531166963539156,0.6076907016200966
0.6868859011414018,0.905941098926216
0.8462659777051287,0.08742157201109471
0.874475977268264,0.25198414567398575
0.8975815728111978,0.48716290593325395
0.8613777561754584,0.7380240167640882
0.8280449935157312,0.909257003388385
