0.08215640552575212,0.24536034428125889
0.20314247519694087,0.2490165611016487
0.11384713105043712,0.4998394822772827
0.09700858504908745,0.6287576481296129
0.09369175636460919,0.9125935329279522
0.31756994230887753,0.1735823017466846
0.2714996826034738,0.42137130869480427
0.3580538784841775,0.6177582562197248
0.2607306550829849,0.7329631996230521
0.4177613269373704,0.8802586283018466
0.47592139916062487,0.21152962241568254
0.549047066527862,0.2981343726447427
0.4995777645756139,0.41893074147853515
0.4301049248851438,0.664836181509561
0.5631512453315279,0.84362200096103
0.7208824265470846,0.07242982951534455
0.7544019613185489,0.24732060340198184
0.7664883193091279,0.45802915460523896
0.6527573525332858,0.6073505555785595
0.687480263478923,0.9059678825792087
0.8466552069021664,0.08944227602165994
0.8996264571964322,0.24936975911672687
0.8952248010449102,0.4812486512594749
0.8590250613800738,0.7424583118497476
0.8308653422104079,0.9186277911196501
