0.08213904538855633,0.24536022554463632
0.20310600250973007,0.2489947281898233
0.11519457676835543,0.49903716773534496
0.09756145129564862,0.6286927746984787
0.0936915722552038,0.9125934473125386
0.31756782671807793,0.17357956789216789
0.2750462737784079,0.42085943158693934
0.3615518006401081,0.6248205344877897
0.2600990111730765,0.7334569104062681
0.41775615788435966,0.8803082656192944
0.47592645729713795,0.21155896930893842
0.5483693998399546,0.29916895547212896
0.5033265892145791,0.4190747770238968
0.43061239600495604,0.6624476548118727
0.5631457492620751,0.8436225770932286
0.7207758425921207,0.07212774572343209
0.7543608205887202,0.24653642424730382
0.768005373846352,0.4565525909744124
0.6527454900269108,0.6073395209826098
0.6876893589878735,0.9060565930683431
0.8466408707100209,0.08937849412550984
0.899634553671321,0.24938133601904963
0.8956085188422725,0.4820128336462042
0.8588973234904752,0.742847663856243
0.8311420792406107,0.9192828545542643
