0.0822042342297729,0.2453273322958155
0.2032092609995914,0.24887942748744038
0.11243129233484693,0.5006589998031966
0.09459480835994902,0.6285023178565639
0.09359817829066451,0.9125752974070485
0.3175745940936846,0.17342526244433695
0.2552678012779197,0.42477591046405533
0.364613284252797,0.5054082619608344
0.2516570335582506,0.7004782774982542
0.34761697875251474,0.8131217923841212
0.47839011552977323,0.212196189240176
0.5374656679811404,0.3288707451307838
0.43524814127642414,0.4929212626153542
0.4260971011091053,0.6684741271127081
0.5232849404158642,0.8506263792822492
0.7226727660554372,0.0796059727729029
0.7608220666134768,0.26786869434077754
0.7734633720915661,0.4595549821407159
0.6537699929653729,0.6066524229149486
0.6863502354087571,0.9055867198922056
0.8388210754258151,0.09455867798740761
0.8605672824469683,0.25281368057945675
0.90050345418688,0.49300132495441606
0.8639067512137236,0.7346756042035116
0.8263971022965476,0.9019365373977994
