0.13233580457343552,0.24317862140034707
0.14814595985743076,0.2875363803182185
0.13816585338925103,0.5210658588144884
0.1525398830389521,0.6457511515478681
0.09857932501283839,0.9084559214864094
0.30934785623127814,0.1899739748220548
0.29226035750776536,0.3309377443768033
0.2940635913367707,0.4991384570027047
0.3114165553425915,0.6952019521947294
0.3321143577341306,0.7987737294457451
0.4968088995460466,0.23572324092980113
0.5069447276996435,0.31016617408718783
0.46936916025513503,0.4991640939989335
0.4542635181128878,0.6980784196432771
0.5015329130183291,0.8462270526360923
0.7551983049936299,0.11036643668826136
0.7412212136642677,0.29388037713478526
0.7360800103970666,0.49158919821432323
0.7110048434105272,0.7012590462909551
0.7152441037413827,0.888904608459609
0.822994262466544,0.1283699641024949
0.8455227204599887,0.2964002976247368
0.8727105949315843,0.48501888078975874
0.8729332798151177,0.7084886013365685
0.8237414096323021,0.875275553567819
