0.08207683115988926,0.24535881096282644
0.20304376380059178,0.24898189597234616
0.11668656448700414,0.4981627192664177
0.09820226203664502,0.6285214793023864
0.0936907415272234,0.9125940521560154
0.3175915080856551,0.17356755992927758
0.2765993425644571,0.42072440722415333
0.36881077628955766,0.6338903278899095
0.2588150457125682,0.7327884361654013
0.41774552673417353,0.880407129039291
0.47574479813109366,0.21128957285506805
0.5480437551277242,0.29919464285759795
0.503233100500898,0.4193333442358404
0.43018184754948363,0.6594435008984688
0.5631584824360717,0.8436318218339005
0.720579231512109,0.07120563412891809
0.7543225603298424,0.2409388572333354
0.7795498162710799,0.4451059508684676
0.652752860534437,0.6073240641528806
0.687890561132177,0.9061433663637868
0.8470601238386077,0.08868429788922327
0.8996197633250579,0.24933324451717798
0.8985786634844544,0.4898248247760841
0.8586928681583696,0.7434998618289609
0.8314054744221789,0.9200706258663331
