0.08204927086923285,0.24535817119909983
0.2030295984311028,0.24896046091941684
0.1168020197641649,0.4981040699142545
0.09828359495746725,0.6284759797754356
0.09369024730543467,0.9125944505082968
0.317619510108929,0.17355517554656685
0.27673418807618566,0.42075158033110754
0.3722293711017583,0.634660946975255
0.2585900029612997,0.7322995300107115
0.41775514802641056,0.8804317355211868
0.4756714764973095,0.21119396852157574
0.5479752968215152,0.29909370327139523
0.5032352008714237,0.4193160737221607
0.4304473999396891,0.6595155946638139
0.5631782964184142,0.8436390125750878
0.7204929716662886,0.07072843358440685
0.7544565765783839,0.23807690318172703
0.7832403214490546,0.4403932744163148
0.6527611472986841,0.6073024726085361
0.6878769425809684,0.9061400269515615
0.8473033000530429,0.08828111718543863
0.8996197090176788,0.24916593818717125
0.8997211347984057,0.49375229655669967
0.8586148190477222,0.7437495559623066
0.8313876165186368,0.9203446435051069
