0.10711462039381671,0.24450647794943076
0.18003399091184888,0.267789596873431
0.12548865799780093,0.5090776934159781
0.1301812503962724,0.6376153838077795
0.09358053298670592,0.9125991137441225
0.3153648833096203,0.17417753183625495
0.28679022721944597,0.3994011300621113
0.30138684516477937,0.4861104993589687
0.30483222025798845,0.7039508549008089
0.33027507185538363,0.7797073606422453
0.4963323220139322,0.23587987170430572
0.5240198723422014,0.33142856668580767
0.45717267377090376,0.5105945457138353
0.43252001079000185,0.6823198570752563
0.5015321788971604,0.8549106933967248
0.7477361913351497,0.0929916446490732
0.7804647794067938,0.29554767815453165
0.7437133926710284,0.4989566780251476
0.6826481729915882,0.6605266726305321
0.6994209756504952,0.8995446791826454
0.8188706056913434,0.12039924780839052
0.8411851471580428,0.2770979309022014
0.8901656659688375,0.4866703155104543
0.8760628187324099,0.7228694418441575
0.8278067688489383,0.8862670997152854
