0.08220375481648909,0.24534077447105665
0.20322247888372855,0.24897357211830035
0.11191231883270608,0.5012372222608051
0.09382829498632672,0.6286971687106228
0.09362868139410957,0.9125758709951026
0.3175698336705369,0.1734601026070168
0.24992283878015387,0.4263050760441037
0.37551070519030294,0.5154238862548689
0.25208592116876344,0.7002998377408685
0.35818122736189334,0.8286127509244443
0.4773101194149872,0.21109762631573922
0.540711937851538,0.3189388756055762
0.4389657556391411,0.468488605571372
0.42670641571502504,0.6697983369948738
0.537301780432983,0.8479403657418517
0.7217898408773259,0.07632385960525759
0.7531521120455871,0.25747547971263784
0.7692597773561346,0.46068733123822747
0.6531815181765871,0.6077589336527245
0.6866785541402323,0.9057742596575425
0.8445208136077407,0.08905687144749842
0.8693312025028069,0.2528771376646449
0.898682250616104,0.4892404940200519
0.8622530651597141,0.7367696784953711
0.8273373114057556,0.9064652022364381
