0.08212702335585187,0.2453600351526129
0.20309113843886323,0.2489969501090494
0.11576908899423001,0.498699900658003
0.0978283821437377,0.6286487280365186
0.09369145391086704,0.9125935042660988
0.3175692804638962,0.1735787227511861
0.2756471976220129,0.42078969673291644
0.36364283136098374,0.6277870977763357
0.25972845062896893,0.7333668508174602
0.4177508311601097,0.8803337579655254
0.4758862413312221,0.21147688549786012
0.5481961347958282,0.29932699540300206
0.5032937526223482,0.41919784260170684
0.4304751744360075,0.6614579993235393
0.563146831354004,0.8436245540857584
0.7207314678592196,0.07196090271315742
0.7543380293297464,0.24580295690606152
0.7696111482663952,0.4550178389218736
0.652745876217775,0.6073367746091913
0.6877737315812966,0.9060926301288686
0.8466877955732358,0.08928358890633237
0.8996320880087872,0.24939341671883936
0.8960212383604363,0.48287704275700627
0.8588444625477555,0.7430137850535593
0.8312525196010849,0.9195326584216135
