0.45308712253093786,0.72071315754055
0.44770024795372565,0.5381259983696819
0.1682323537016289,0.4643014738328479
0.6846257725351297,0.4635319580740567
0.609802840940023,0.44185438722088033
0.842368353012152,0.455476127438002
0.5885349848357737,0.3961888294464379
0.8440920451607342,0.8327596858176683
0.8217702318365939,0.06327773365104582
0.38264551998640267,0.49815613051184426
0.7914025952440478,0.28326353689211214
0.6388480662596053,0.7734728647791455
0.5097560516092192,0.75316282093386
0.5141482875265146,0.5158455713544129
0.21040626571366133,0.5748395307250851
0.38362005431825374,0.5735460813791274
0.4966432433604336,0.29488414805216245
0.4624278666384976,0.4888126737368416
0.8083884289715623,0.3278428260416013
0.6180755849624647,0.5665881098872939
0.08971817633370681,0.5997705409937341
0.5188554899738564,0.6706896081838092
0.5695942036971923,0.5334117441126786
0.5655394442162545,0.7690650157400518
0.677928122037404,0.8955961521489718
0.19178800864776221,0.639296587790943
0.3231060932517452,0.3936987026740799
0.5271267393251166,0.4177957347912037
0.7701912241563308,0.3431086501141351
0.8883909333792984,0.536845821198482
0.37659917964369677,0.6300411597941735
0.241282949629618,0.5121822200016951
0.487794868498745,0.3857850728687015
0.5844974905771372,0.42892236219993946
0.330390155228038,0.5966387164085543
0.5777879610940007,0.45807085633579325
0.825648539170904,0.04703909628452916
0.442961924925133,0.7559022332605534
0.4926691304242806,0.3162618727486118
0.5855426201487305,0.39315199390812167
0.4404890767901785,0.3037674594467151
0.7307327776885221,0.17348721061500003
0.6683008578406285,0.2077849547242137
0.7699184099727664,0.40653233939470457
0.48590490251095864,0.7035857831274791
0.41976859316658927,0.5190205570929799
0.6944550001507617,0.46042863620858054
0.6923364450500681,0.20393979263719286
0.5401525780774945,0.47816351267701696
0.5215073274077039,0.6923310992789967
0.21195563246041027,0.47860553113099646
0.7935016805998449,0.18030182684670373
0.593983197127456,0.7142646818725527
0.44441785441530235,0.7509503509411903
0.2863052658795139,0.3942282234577707
0.7043225913590249,0.3623003992873089
0.4356237089229801,0.7511821816972303
0.6494010169783676,0.6231577089400759
0.5325117876166816,0.7316296478019423
0.3493923985176247,0.1683876092136616
0.25288804224869676,0.4893880438470401
0.8804414669376724,0.2786399837944639
0.765812802064438,0.2398044745489676
0.5182990772289838,0.6408100025790366
0.5764026544859088,0.8796222751743006
0.38037208890774143,0.4735411168624414
0.8153412251580197,0.34119126952060197
0.9020942859605274,0.24958079604624483
0.40057335844185493,0.5047293707013842
0.42886661415509747,0.4708791336472896
0.4659064578781422,0.49022611250997905
0.3910111460573431,0.5617470510509308
0.435486199812409,0.7403121582685314
0.5298285396327606,0.5113397701052047
0.2687236059639748,0.6980848998323184
0.502432671071035,0.5054662169654759
0.3667155046108765,0.6499867619804077
0.49405269586165107,0.7305839870583092
0.5846860697528743,0.4496342571556109
0.48794712617259395,0.301011788551606
0.6243950209821911,0.8191528946775085
0.6736188916659485,0.9076868767099109
0.6542067972722317,0.4808368534733733
0.7087102952373368,0.19482554153862336
0.4830163878980282,0.3108564421042776
0.9007153322416616,0.2713794016415144
0.41799534603119876,0.5747065572323713
0.6286305265879514,0.5586444267937517
0.9060587779022666,0.2114552996205101
0.48325565121911956,0.7709666871083596
0.6264375505059627,0.4319852236274023
0.5163319831078169,0.38646191863030627
0.3274153236232009,0.4502691730650428
0.638550676632901,0.4202239354279236
0.4791031390476516,0.4341606588427596
0.5461097897885527,0.32448871154557896
0.5064956496567913,0.4377454411078056
0.5470948935587571,0.5712360115658994
0.3484443678359045,0.6829053040331833
0.8114552517742277,0.3053802251544419
