0.4456230080620377,0.708118494165996
0.43045511479662873,0.5283829507801711
0.1682323537016289,0.4643014738328479
0.7270653620474898,0.4837448059849932
0.6274508951518358,0.4644945380468325
0.842368353012152,0.455476127438002
0.6846211045460963,0.3507961253463529
0.8440920451607342,0.8327596858176683
0.8217702318365939,0.06327773365104582
0.41268665368498425,0.485312586345979
0.8065750172360605,0.2769831297329658
0.5948125518604335,0.7669206807732278
0.5018604069426456,0.787481685114867
0.5348894132038159,0.5339286702953561
0.2132274656329511,0.5607296984351139
0.42485783289293627,0.5414686832934686
0.4857242575134116,0.29709152878931083
0.46107529989778645,0.4786213058008894
0.8334096958054894,0.3315869400812642
0.6896932169870184,0.48123332028215987
0.08971817633370681,0.5997705409937341
0.5579047060648832,0.7446176734227423
0.5008230148292752,0.5109563165497739
0.5506636514281632,0.75176099781164
0.677928122037404,0.8955961521489718
0.1959568489624656,0.6080467051988159
0.3231060932517452,0.3936987026740799
0.4962568915164306,0.4326621074276147
0.7711227519690331,0.29859874871705194
0.8883909333792984,0.536845821198482
0.43938778980152715,0.6564101721264722
0.2373943192397403,0.5329880820747651
0.4892040195985163,0.40897171757243556
0.604145551552008,0.4499870014392703
0.43019541967969627,0.48769952630191155
0.5953417095250585,0.4821424356815605
0.825648539170904,0.04703909628452916
0.4381374509076011,0.7501179639255829
0.49444715709282083,0.3117169851318694
0.5759733095340306,0.40280271998629646
0.40436069107367545,0.3101261747846533
0.7314561490125556,0.17936081687171637
0.7032847210104999,0.18475723239985953
0.7798039674193601,0.39472313032746226
0.48836641025983374,0.7029587736256254
0.43151099120015374,0.5217713534958548
0.7236323165579244,0.46710088490273377
0.6759876422342654,0.2116322891488922
0.5253241701616617,0.45229647678734947
0.5145823159452182,0.6826600469780328
0.20978824860607764,0.4992059155901759
0.7935016805998449,0.18030182684670373
0.570121394374788,0.7312274488302664
0.4639949654275594,0.7675064090978645
0.2863052658795139,0.3942282234577707
0.7244796397021301,0.33063546082197576
0.4245472782565398,0.7507370413440521
0.6494010169783676,0.6231577089400759
0.5335976699235742,0.7380270607741579
0.3493923985176247,0.1683876092136616
0.21363480367555607,0.49363588211083326
0.6970260777940732,0.36674528385725264
0.7672505940906691,0.24191602166022103
0.5109639445739971,0.6380289870612107
0.5764026544859088,0.8796222751743006
0.3861649816077279,0.44015495036744684
0.8211135334004712,0.32241974031728626
0.9020942859605274,0.24958079604624483
0.4008462599190088,0.5451711958417692
0.41949678036677535,0.474359419434702
0.4662021853907068,0.4906720957412842
0.40631683208244335,0.5359563370589508
0.4538424491805412,0.7556437598186875
0.5001554690790417,0.5541504665289722
0.2687236059639748,0.6980848998323184
0.4854388629859406,0.49051672631519605
0.3667155046108765,0.6499867619804077
0.5298752059879839,0.7734173992038882
0.5311948846695811,0.427782521787821
0.4895463836052866,0.30523337677604384
0.5921422320291805,0.7504974919465172
0.6736188916659485,0.9076868767099109
0.5741650859356583,0.4633053877709001
0.703657249126876,0.19850277043731177
0.4784023456239831,0.3038764131147565
0.9007153322416616,0.2713794016415144
0.41799534603119876,0.5747065572323713
0.6286305265879514,0.5586444267937517
0.9060587779022666,0.2114552996205101
0.4738289344128091,0.7159069888729431
0.5931084366374899,0.4400166765629252
0.5163319831078169,0.38646191863030627
0.3274153236232009,0.4502691730650428
0.6178512922578918,0.4287321485487068
0.4777646054127302,0.43631148731315383
0.5220946106356781,0.3140471891511725
0.5310256895122321,0.4202216370416236
0.5817792570343638,0.5143276281440827
0.3484443678359045,0.6829053040331833
0.8104048046073317,0.28949174603063144
