0.4365649654383138,0.7087455384754958
0.4569085799249434,0.5330225210567922
0.3623631505826891,0.5338742540483983
0.6592331589336152,0.38341293995434245
0.5644344667959529,0.4808755810516022
0.8423683530121501,0.4554761274379929
0.6357375447679925,0.38171920159714134
0.8440920446950106,0.8327596854065406
0.7895044559506422,0.09101707187299628
0.47281863708888866,0.45781860568925253
0.7717604334318788,0.2646728553351482
0.6765470208452796,0.8999588799482013
0.5555459781470116,0.8665166467982354
0.5481725228609892,0.5485702087665996
0.25310800492057517,0.4011625938345495
0.33162315165989115,0.5255584540844369
0.5001811535363817,0.30585015899085827
0.5474578428190554,0.4908831238428482
0.7427074741116779,0.31045401044329385
0.5401817452087256,0.5350176017650876
0.08975039990636818,0.599754505055627
0.42549340687707565,0.5459065101628637
0.5671671014958494,0.6763423659682127
0.5655903372098323,0.7596910110485591
0.6779281220374143,0.8955961521489882
0.4783049505045039,0.4607706653096808
0.3231060932517452,0.3936987026740799
0.49220747830614814,0.43478259923077733
0.7735600573364125,0.3014451021027461
0.8883909333792989,0.5368458211984778
0.41407894410787704,0.6967662878609503
0.24123237708807907,0.5649981202014758
0.49530079936019134,0.36302576903648026
0.6187968562833125,0.37711592757801166
0.6405450987303772,0.5976240080755718
0.5280975192253807,0.43965853617904843
0.825648539170904,0.04703909628452916
0.45132952814273797,0.7692290493210094
0.5101642425385002,0.3999955310920787
0.4563096506803563,0.44108362364249654
0.41628405777320365,0.2975267213669582
0.5666597913551553,0.2893067896748551
0.7093238052196164,0.18427274843643768
0.7189969452631746,0.40662758487067335
0.5042653558392872,0.591179318953141
0.40319689781711276,0.5194415102993507
0.7342536611154278,0.4407736893714935
0.7303256643524079,0.24002464360821352
0.49295816358937217,0.45628383227320524
0.5466434214623479,0.6981791515524847
0.20743587452747636,0.5882344994765917
0.7935016805998449,0.18030182684670373
0.652820160005468,0.7147906680628002
0.42271361576642186,0.7366749342380462
0.2863052658795139,0.3942282234577707
0.6669690599732911,0.3605711748545881
0.4447747705753794,0.6070358699038936
0.6494010169783676,0.6231577089400759
0.5424352290577052,0.7226673021503708
0.3492728616510004,0.16875197874169362
0.3073307143875732,0.45260283510152427
0.9041834652849853,0.2655971138696384
0.771043304765136,0.27053130654335017
0.5490727378969431,0.6658449916397698
0.5764026544859088,0.8796222751743006
0.40121567110411166,0.4769159228863214
0.8021941159096688,0.3466545999996007
0.9020942859605274,0.24958079604624483
0.31276891963306797,0.47321159294258375
0.4302438112064837,0.478807061352308
0.44116383039386037,0.4245240343748105
0.37794285425364194,0.5517022638248804
0.44004364521972456,0.715407048283828
0.41872727240932295,0.43045778903802195
0.2687236059639748,0.6980848998323184
0.48612629896405585,0.498671930408778
0.3667155046108765,0.6499867619804077
0.5215523471532758,0.6947090342994431
0.6803486790361434,0.4434292555462094
0.4844504767059184,0.3078186003629122
0.5717486869743823,0.7494042909645457
0.6736188916659485,0.9076868767099109
0.7634283616579314,0.512673577784513
0.6872816167372046,0.23952953264373925
0.4964705434709563,0.3226708658402939
0.9007153322416616,0.2713794016415142
0.41799534603119876,0.5747065572323713
0.6286305265878668,0.5586444267937325
0.9060587779022666,0.2114552996205101
0.5115283553499589,0.7997048533851143
0.697023264097306,0.4531267842281039
0.5163319831078169,0.38646191863030627
0.3274153238650672,0.45026917308620257
0.6489531822333233,0.4086910024416735
0.45501475475309794,0.4298174111478542
0.6036138378504021,0.40519034598336884
0.4692874664689625,0.44737735291247915
0.6648337622126214,0.4900035113721739
0.3484443678359045,0.6829053040331833
0.8831332511431382,0.40944244050370404
