0.5100315051653667,0.5816654456377472
0.5278516209905879,0.5021496205364667
0.1830287368801945,0.46839966341056316
0.5379233401537808,0.42303064408280266
0.5165582443076305,0.47528393631190896
0.8338007372922064,0.45554468607179993
0.5947041402394596,0.40892957042858546
0.8348604706990186,0.8266601508259689
0.8076867617816605,0.08179151098613635
0.34136699086018085,0.5676916601345287
0.6196448761757779,0.38249967584588135
0.6424725188379723,0.8707063168964007
0.5399148530255871,0.8776207145261803
0.6670754407525412,0.5738582989095378
0.12447786415023539,0.9002265022557212
0.4186890413899595,0.48475276436291354
0.4071420602906758,0.3428646336333026
0.5041290339619195,0.514504161546866
0.6572642098779025,0.3957872608149564
0.419712144724806,0.4088771589708005
0.10619779588607084,0.5926147780304105
0.4376709221222195,0.5043004231931664
0.5366339979968161,0.5983710326389986
0.5721883875708659,0.6151548454238834
0.6742281605052372,0.8894625530902485
0.5092944345734893,0.451308438868943
0.32310433461444876,0.3937034073642267
0.47815505345279985,0.47880842099478427
0.6453225461219847,0.25180904007768706
0.7870837181308002,0.5413561243530141
0.416424641445705,0.5901229296403879
0.2959542925913716,0.5241086738931643
0.4813708233298859,0.5296793153729326
0.5521186643921954,0.4169604050217536
0.6476747357527923,0.59823410189266
0.3786717512388172,0.4059977426736113
0.8236666048817423,0.04879515521264216
0.44847956988680804,0.677318820662609
0.5358251482946788,0.48680118046726034
0.512135199988709,0.4857415673266594
0.45862345344185357,0.3410281281806892
0.590613666431575,0.2822535398248297
0.7679281497971301,0.14474070971682984
0.567874434151189,0.35879490055837737
0.5103783851908589,0.521803151177271
0.1841715857694556,0.5187035256148185
0.56092501773157,0.42518446249445324
0.6370534116425204,0.4298740698213065
0.5548909633344098,0.40883904507505275
0.55258823187005,0.577150730137943
0.3277281184617228,0.3982670514273291
0.7933648536866296,0.18092223208262967
0.6770621168820643,0.6235186635731207
0.5666597322089526,0.8474061140411577
0.2891725494501812,0.3982606234606658
0.568541558559763,0.4432002807843213
0.4415218225645005,0.7226193261164723
0.6498628161898978,0.6236348781129337
0.5383965393366398,0.6592305138713759
0.40689766767642127,0.3393437807449994
0.3667892836239325,0.24626478124618106
0.686876710410699,0.39459973097570056
0.5563091719132277,0.4125704500716388
0.48044994997235374,0.5757289837019633
0.5741059651135996,0.8750657987467941
0.30689493409791896,0.5304822446646112
0.8071150870704571,0.260136732807359
0.8956623282512413,0.25170592821172744
0.6309398844439249,0.5411973082632157
0.6590003289908118,0.41939951970663586
0.5091822003659892,0.4660709789034572
0.4896668884505231,0.5094257512614888
0.4910487067083015,0.7569799597357679
0.5241019296943864,0.5259993301020706
0.27303354687853876,0.6981910740436954
0.48321264841438255,0.5402783186089518
0.3662430796089517,0.6501345825327702
0.48023039980573023,0.5788011166982189
0.5952301395337346,0.4604385107366463
0.4691866529031473,0.4302019136833935
0.67937024958983,0.8889974140074927
0.6658214546474033,0.8680878770142898
0.774922262478186,0.5022982033502321
0.6079496384826305,0.3520448589947464
0.6321046268238313,0.5480239509471457
0.890910723777112,0.27599154226530476
0.41736575697974654,0.5732781224336355
0.6283047817742187,0.5585572312926788
0.905430236557331,0.2139042418744937
0.5160255231620512,0.8066057593746272
0.5470574165333368,0.5078942814306224
0.5141060242073724,0.38595361859140653
0.3319701483802665,0.4548527875456237
0.5610331203969323,0.486847191871992
0.5247827077451773,0.4693778490496009
0.5567455344736256,0.4324493103118333
0.17058979135152424,0.5963058906324383
0.2238045269604507,0.2399013440648825
0.3504812490190644,0.6831436068419793
0.8279063728140715,0.44005873643577215
