0.4447777634557135,0.7174042925157013
0.45601035849431587,0.5391529625569678
0.1686983046186262,0.46440169784173474
0.7180065504583036,0.4469197609764908
0.556293131094741,0.460106719845422
0.842368353012152,0.455476127438002
0.6207373333844242,0.4011706223261084
0.8440920451607342,0.8327596858176683
0.8217702318365937,0.06327773365104587
0.39703215341321,0.49097923678352623
0.7925753334904427,0.25830482813757666
0.629061558175683,0.7534999557506784
0.5555459793217138,0.866516635235779
0.5246903021370608,0.5262986775083061
0.227431488054939,0.5516087328164376
0.35552085547820833,0.5504815906818946
0.5007891331696551,0.2902537924478917
0.5057944844304187,0.525360415303502
0.772639571133655,0.31797713672926275
0.5774602982364514,0.5442818055863526
0.08971817633370681,0.5997705409937341
0.49786639291500334,0.6397314676830246
0.5508359972281514,0.6394417243292735
0.5775935958363899,0.7805344063315813
0.677928122037404,0.8955961521489718
0.2810711290339134,0.6052424536607246
0.3231060932517452,0.3936987026740799
0.5438973353674186,0.4038160152367821
0.7760197559474282,0.3260054458402219
0.8883909333792984,0.536845821198482
0.4065040454886974,0.6967590446037685
0.24292651042383484,0.5170366834747532
0.48903082136808057,0.37868325708814343
0.602756580089332,0.4038543912705959
0.42710532902003984,0.5630979072266518
0.49676842241398345,0.45745523169719987
0.825648539170904,0.04703909628452916
0.4470690014055339,0.7562571979616497
0.4851597543663794,0.3303239599330982
0.5642931247584826,0.3928986302671636
0.4403829315620914,0.3036237343292069
0.7184512102493238,0.18325721485833488
0.691375864473027,0.1953216804489141
0.7450122408139148,0.41215466676663165
0.5105662615066128,0.7327297371081843
0.4143433727329631,0.5178612855316803
0.6737864654674164,0.45672463441705546
0.7014527635015382,0.19814687586094185
0.5284829274293543,0.45924281347815205
0.5475660541457348,0.7094498795244667
0.19765299537502135,0.5344363740392736
0.7935016805998449,0.18030182684670373
0.5994570847378258,0.6694597891369889
0.4316915498411222,0.7453041050452555
0.2863052658795139,0.3942282234577707
0.6628583909207753,0.3673951913126476
0.443254172759802,0.6877688475391811
0.6494010169783676,0.6231577089400759
0.5334714407359058,0.7385533106210476
0.3493923985176247,0.1683876092136616
0.2997216688748157,0.4828501705226302
0.9075559857265796,0.2678393002888471
0.7966527955903967,0.25440298984271736
0.49631327307316303,0.6211665313161607
0.5764026544859088,0.8796222751743006
0.39259169219613876,0.4733218459123355
0.8168386210461233,0.33571328692469377
0.9020942859605274,0.24958079604624483
0.3183795293397899,0.4815260194723106
0.3984316187718024,0.48698634043885186
0.4096373293657348,0.4237312335618158
0.36513222877637136,0.5722312560978348
0.4396872077797105,0.7290315941173404
0.47445152833657683,0.45357234569034677
0.2687236059639748,0.6980848998323184
0.5161888851987483,0.5151899420553434
0.3667155046108765,0.6499867619804077
0.4830600050450122,0.6958750791823357
0.6079731174618767,0.42861922829520527
0.4881083530418759,0.30053706840868966
0.6092602416787888,0.8006317226998949
0.6736188916659485,0.9076868767099109
0.8199869509505084,0.518004159934865
0.7066938725911159,0.19319466259010926
0.48143566053058606,0.3141467743322099
0.9007153322416616,0.2713794016415144
0.41799534603119876,0.5747065572323713
0.6286305265879514,0.5586444267937517
0.9060587779022666,0.2114552996205101
0.48978249014187625,0.7794209608643647
0.7404707950350656,0.45225186637553166
0.5163319831078169,0.38646191863030627
0.3274153236232009,0.4502691730650428
0.6304195435103124,0.4255075504253185
0.5055643468436781,0.4509663720416186
0.5478648700825307,0.3406763490263839
0.5031652773640639,0.4344355308232609
0.6735208945224359,0.6625098590740256
0.3484443678359045,0.6829053040331833
0.8542339831967729,0.36966896042244074
