0.4415941073143015,0.7088127176983289
0.4363764766720985,0.5307614030163583
0.1682323537016289,0.4643014738328479
0.7193429933044002,0.4888857181392367
0.5943544018419196,0.4739725764024511
0.842368353012152,0.455476127438002
0.7226639018919856,0.32949817364999173
0.8440920451607342,0.8327596858176683
0.8217702318365939,0.06327773365104582
0.39790252233910867,0.4927938554901029
0.8029953206473522,0.27556065489050047
0.5894543013597833,0.7605835591304746
0.4708969403195104,0.7653850739975119
0.5384318957511871,0.5381967305909153
0.22510419559604164,0.5234485465630325
0.4430488691479956,0.5218183919408215
0.48542557383390317,0.2950340540805119
0.44272193600609266,0.4679930211165205
0.8334267368136609,0.32520554000792656
0.7211516425261026,0.45215158713563985
0.08971817633370681,0.5997705409937341
0.5563741361242105,0.7415975012714555
0.5308363899658052,0.5418962068437047
0.5565136209534487,0.759111239267041
0.677928122037404,0.8955961521489718
0.19992443111271546,0.595416712118748
0.3231060932517452,0.3936987026740799
0.48407775791304203,0.43963300869363564
0.7708025568742295,0.29749440292254464
0.8883909333792984,0.536845821198482
0.4163261067204427,0.5965246267592479
0.2168278093324334,0.5570953076266825
0.49013265116367766,0.40208709593037545
0.6072570826756415,0.45159915616871926
0.48527275619186644,0.4476531847086979
0.6107338901597502,0.49019824720872607
0.825648539170904,0.04703909628452916
0.43545960682177776,0.7483198785605638
0.4946241102569707,0.3136046398018904
0.5787355225483248,0.3991520859047932
0.4043494618536073,0.31012267347948763
0.7313778258169192,0.17847841363396502
0.7061625302887025,0.1836098198128739
0.7791477835504224,0.39759470560358223
0.4903448986888324,0.7075236292430157
0.43443904547920803,0.5225432509408806
0.7306870260956656,0.4645461965932251
0.6751404370563837,0.2151263213081525
0.5171558700406189,0.4490383865736226
0.5238188122946225,0.6966238591328219
0.2235773273882308,0.45681064115775777
0.7935016805998449,0.18030182684670373
0.5731040922744488,0.7428321767829852
0.4637615830832893,0.7673046427579129
0.2863052658795139,0.3942282234577707
0.7169524903304845,0.269854549788205
0.4316298130021715,0.7589903198390189
0.6494010169783676,0.6231577089400759
0.5415572957248197,0.750975817399091
0.3493923985176247,0.1683876092136616
0.19500177780438652,0.5665771028295638
0.5631476199978906,0.4208425995750722
0.7736023243963902,0.24373598528734663
0.5071232147379432,0.6166804660512627
0.5764026544859088,0.8796222751743006
0.40426689789109377,0.43433368639833525
0.8202351072571774,0.32056394994631016
0.9020942859605274,0.24958079604624483
0.3963693118026643,0.5422425193610206
0.4220606631045789,0.4739170060822717
0.46549011179816197,0.49000980042528075
0.41247543858389707,0.5168035175945552
0.4570542814929717,0.7575314077640687
0.48469336318279,0.5420806011411191
0.2687236059639748,0.6980848998323184
0.49186484664912156,0.4949959714645893
0.3667155046108765,0.6499867619804077
0.5379771007415429,0.7797834461348132
0.5367072964276576,0.42847980339114583
0.4899113788371463,0.30739924787906825
0.5446809728161736,0.6974031563405007
0.6736188916659485,0.9076868767099109
0.5655973912508545,0.4625403602986984
0.6997941464853029,0.200533873466994
0.47842121443928626,0.3038355319851222
0.9007153322416616,0.2713794016415144
0.41799534603119876,0.5747065572323713
0.6286305265879514,0.5586444267937517
0.9060587779022666,0.2114552996205101
0.4690559413419185,0.7119799650705442
0.6036787735076264,0.4417293666631817
0.5163319831078169,0.38646191863030627
0.3274153236232009,0.4502691730650428
0.6308803410800145,0.43029751517378695
0.5515104635139004,0.47809692117306635
0.5200940143668767,0.31785377689522704
0.5471268246945198,0.41125650215594434
0.6152479410780546,0.5053406210087418
0.3484443678359045,0.6829053040331833
0.8138860222871459,0.3055479017849547
