0.43478044007429845,0.7058813588008526
0.44586479941219864,0.5342036427004192
0.1682323537016289,0.4643014738328479
0.6961199277129279,0.48130913192305297
0.5691586716704534,0.4700654268255772
0.842368353012152,0.455476127438002
0.697692319331348,0.34394736438429235
0.8440920451607342,0.8327596858176683
0.8217702318365939,0.06327773365104582
0.4095071154467915,0.4871954384616061
0.8040088861458105,0.27927719279388535
0.591927790448094,0.7634828632679467
0.4592949650756298,0.7554617378834569
0.5523378342595789,0.5540318098399627
0.2182940602370082,0.5421109498199559
0.4321150411714424,0.5174914815675166
0.48545917108551495,0.29481633432083115
0.4165728177073551,0.4759073139968372
0.8332899156709976,0.32327516148018537
0.6802712371228145,0.39441808191717886
0.08971817633370681,0.5997705409937341
0.5518469348709949,0.732353724536046
0.5121240324472852,0.5191647648719563
0.5455101048000077,0.7471128602314854
0.677928122037404,0.8955961521489718
0.1926975840701237,0.6097603117810054
0.3231060932517452,0.3936987026740799
0.5032586630975622,0.4287039311999219
0.7742145989235428,0.28917093659351906
0.8883909333792984,0.536845821198482
0.40584188395320003,0.5513299816143752
0.22957142013863036,0.5451329470999738
0.49105499674010855,0.4076975950222381
0.6184661398948484,0.45341852131338667
0.4928553146336745,0.4573262940700315
0.6721102171438849,0.44680195356481606
0.825648539170904,0.04703909628452916
0.434130245516417,0.7466313321678129
0.49459223774059247,0.3137169381664469
0.5545474048323097,0.410852497835607
0.4043494630745101,0.3101226755509556
0.7254898408043559,0.1853538736678957
0.7043200096084204,0.18701258748916236
0.7778779691899139,0.40574376525883904
0.49264685412212145,0.7093288139917344
0.43089577798478035,0.5223582436811783
0.7495118382355654,0.46444039361275913
0.6766386275022733,0.21643857288850343
0.46399196269372667,0.48000325487455386
0.5265570108217628,0.6959522472257361
0.23008888865101587,0.4281167851389288
0.7935016805998449,0.18030182684670373
0.5872701164965306,0.7703065138618792
0.4574605590438752,0.7613780065778233
0.2863052658795139,0.3942282234577707
0.7029810598371299,0.23240371382131755
0.4373222054420962,0.7661742434027976
0.6494010169783676,0.6231577089400759
0.5415206356693577,0.7491015822560307
0.3493923985176247,0.1683876092136616
0.1959755888791485,0.5714371323272585
0.6088683039904639,0.3944283522000667
0.7663228088486299,0.2427708318575869
0.505787427331116,0.6155806035720489
0.5764026544859088,0.8796222751743006
0.4165695533964617,0.45728032737779417
0.8185017852038899,0.318861628196508
0.9020942859605274,0.24958079604624483
0.3919836996301326,0.5296878354524208
0.42338480431181935,0.4728604418625089
0.46545225946130236,0.48988155971627095
0.34923525394727095,0.48874811400058715
0.4572312086181025,0.757776410291493
0.5007183054661615,0.5540654559582832
0.2687236059639748,0.6980848998323184
0.4918197856072776,0.4945437468073074
0.3667155046108765,0.6499867619804077
0.551029087150986,0.7816051764969921
0.5472837330850575,0.4258816115828052
0.4899425640583422,0.3080773328391152
0.5418492402142032,0.7013419308907803
0.6736188916659485,0.9076868767099109
0.5571442434221856,0.46119205153266934
0.6939910659060338,0.203473832951801
0.47844307558768834,0.3038404103681833
0.9007153322416616,0.2713794016415144
0.41799534603119876,0.5747065572323713
0.6286305265879514,0.5586444267937517
0.9060587779022666,0.2114552996205101
0.4660594238305823,0.7186181747315784
0.5986061299660501,0.440277459488794
0.5163319831078169,0.38646191863030627
0.3274153236232009,0.4502691730650428
0.6330698028494087,0.43218181878635936
0.588671705004102,0.4768068253333872
0.5229466422589276,0.3187534756988428
0.5328764076037578,0.419320345196282
0.6230427216465538,0.4920733863921882
0.3484443678359045,0.6829053040331833
0.7799997571789354,0.3317103477253271
