0.4492344628262651,0.7142299903407053
0.43321379543887417,0.5291677284614416
0.1682323537016289,0.4643014738328479
0.7285998973921275,0.4750307848731569
0.6297539326450958,0.4607768022806404
0.842368353012152,0.455476127438002
0.6308677225630155,0.37837494452423537
0.8440920451607342,0.8327596858176683
0.8217702318365939,0.06327773365104582
0.38260746015434005,0.49795917265746975
0.8052589143919752,0.2730144656809393
0.6028710243476132,0.7668085387368447
0.49986897625802956,0.7591946695585716
0.5229915834974878,0.5246886514109887
0.21695039042497236,0.5445228541963965
0.42119380428377834,0.5614866639505338
0.48783613363210576,0.2991845190170171
0.4503675718214674,0.4806479332203547
0.8196143810514899,0.36594003630039684
0.6532024463375675,0.5663717005750728
0.08971817633370681,0.5997705409937341
0.5476795193662999,0.7194609458740416
0.6202132969325496,0.559157025429414
0.5573673646410661,0.7589971093191918
0.677928122037404,0.8955961521489718
0.1834462452247613,0.6189761280646
0.3231060932517452,0.3936987026740799
0.511537974257483,0.425584151091981
0.7629091144285501,0.33784054713959405
0.8883909333792984,0.536845821198482
0.4031225545719181,0.6113083761535805
0.2441348234632433,0.512848952603669
0.4873224665175607,0.4132662186734741
0.608151718453238,0.44970341376404305
0.3304750042248589,0.5424441964418555
0.5927035668000045,0.47437768513792133
0.825648539170904,0.04703909628452916
0.44071869404346903,0.7514304316637633
0.4937982394617568,0.310882188129694
0.6167371318370719,0.3937037864314667
0.4404890284122998,0.3037684964405041
0.7320232250940545,0.1719692970528789
0.6924719243344694,0.19180947833150733
0.7802143254300627,0.39403421376423975
0.47356287257665697,0.69888799059712
0.42631818016922457,0.520635239590628
0.7016619141325897,0.47856046596180524
0.6878403067028044,0.20802868768299157
0.5045622626718264,0.4540428815784294
0.520739090078064,0.6909389015990205
0.20911939590461323,0.49917909790949616
0.7935016805998449,0.18030182684670373
0.5729842458990164,0.7026929961234722
0.45847569507322644,0.7621958659713862
0.2863052658795139,0.3942282234577707
0.7035502761240928,0.35291170114343645
0.4275562072631324,0.7546702891115123
0.6494010169783676,0.6231577089400759
0.5294644919928265,0.7303257910056867
0.3493923985176247,0.1683876092136616
0.20688609667264657,0.526373461666234
0.7867751242760772,0.3159871307870833
0.7662828948200798,0.24101714323811702
0.5091861101435631,0.6422405675973368
0.5764026544859088,0.8796222751743006
0.3837761427250402,0.4593980304649679
0.8196320011477176,0.3241707479535754
0.9020942859605274,0.24958079604624483
0.39916027652829483,0.5202645185199645
0.4347268112885824,0.4712075254949718
0.46620945709102424,0.490677705480158
0.39251880298094927,0.5410445972238136
0.44789755301535367,0.7504293305050426
0.4914425558707788,0.5441979527426416
0.2687236059639748,0.6980848998323184
0.49987918172406226,0.5026866459891878
0.3667155046108765,0.6499867619804077
0.515151816108452,0.7519758135557201
0.5465777753794523,0.431009996480376
0.48899400110640995,0.3030572517523002
0.6251289527436085,0.8264609666969892
0.6736188916659485,0.9076868767099109
0.5936448815708312,0.46024441828103113
0.7058129129361849,0.19741539956820736
0.47918308750369754,0.30026821838357365
0.9007153322416616,0.2713794016415144
0.41799534603119876,0.5747065572323713
0.6286305265879514,0.5586444267937517
0.9060587779022666,0.2114552996205101
0.46574736594923444,0.7576607422249114
0.605756340102584,0.39263410156069745
0.5163319831078169,0.38646191863030627
0.3274153236232009,0.4502691730650428
0.6274697695925711,0.4254442934180414
0.47063656423335615,0.42994659583229966
0.5381434578612745,0.3239821050003956
0.5205367619342552,0.42927090861403217
0.580525998716874,0.5156849213855614
0.3484443678359045,0.6829053040331833
0.8111019088207935,0.28769365611069003
