0.44110997620307507,0.7072914343704539
0.44075342875237483,0.5318149487584224
0.1682323537016289,0.4643014738328479
0.7192810254165017,0.4856556105042655
0.5726200825620875,0.4663313434542982
0.842368353012152,0.455476127438002
0.7048569516208626,0.33976149933170735
0.8440920451607342,0.8327596858176683
0.8217702318365939,0.06327773365104582
0.4042430487947411,0.48972334700357734
0.8040428970836201,0.27951266981620665
0.589732359761582,0.7608994626712494
0.4586187955703375,0.7545630474536001
0.5439930815150309,0.5439947502642674
0.22017466653799694,0.5363787823938478
0.4385249167221642,0.5198226356276281
0.48545448570441296,0.29483618319509064
0.4230153557199714,0.4819348781122956
0.8330843676507383,0.3240041723722855
0.6815546291634653,0.4169701227579598
0.08971817633370681,0.5997705409937341
0.5587533300155015,0.7407284023192627
0.5301064580455631,0.541131444624346
0.553560081683363,0.7562500627446432
0.677928122037404,0.8955961521489718
0.19806766131352796,0.5996850435838464
0.3231060932517452,0.3936987026740799
0.4842305823749351,0.4393062410818085
0.7715999541030804,0.29500600857517545
0.8883909333792984,0.536845821198482
0.39543358789259037,0.5652115328212565
0.21481396358024768,0.5568224375600492
0.4901482870461436,0.4015106776102278
0.609933299627947,0.4514454155833475
0.49145765789382706,0.4555432171148737
0.6217667245636406,0.4948298460548351
0.825648539170904,0.04703909628452916
0.43542228292583673,0.7482593797601722
0.4946063448814337,0.3137187425849077
0.5632263865480326,0.40689786314280907
0.4043494630726342,0.31012267556676226
0.72915995138133,0.17998265495738572
0.7036305957801804,0.1871325324723282
0.7787059241471124,0.4003806498105903
0.496338029296712,0.7134279218190974
0.43183850845494426,0.5227234046275031
0.731690109631713,0.45867955122040616
0.6735809044972393,0.21838922415772882
0.4984865435730896,0.4459558540787947
0.5190403156306039,0.6878727047558746
0.22852253211855952,0.43320896940782455
0.7935016805998449,0.18030182684670373
0.5825801026482899,0.7646636232901224
0.46035310819336456,0.7641169995520485
0.2863052658795139,0.3942282234577707
0.7114433497510789,0.22699251687172867
0.436274283045076,0.7648410690344061
0.6494010169783676,0.6231577089400759
0.5443240283149386,0.7521702109149608
0.3493923985176247,0.1683876092136616
0.1949645747803062,0.5690887058342585
0.6000771046002699,0.3995912552146818
0.7662462888134592,0.24227507256866146
0.5062038297418426,0.6170557322834376
0.5764026544859088,0.8796222751743006
0.4046058503078071,0.43669973103351517
0.8193841129305591,0.3200064761817475
0.9020942859605274,0.24958079604624483
0.395958632533975,0.5380566279424516
0.4237854809882453,0.4729919172035871
0.4652368340575289,0.48920469543495665
0.39289124652365237,0.5044286342037612
0.45718964217382013,0.757731303699894
0.5001936189088945,0.5486941806223671
0.2687236059639748,0.6980848998323184
0.4920801386362823,0.4950968064354794
0.3667155046108765,0.6499867619804077
0.5373930920039374,0.7792990477582962
0.5416636115785277,0.42794512698264886
0.4899422485824442,0.3079500321668046
0.5396110849217933,0.6951924283878796
0.6736188916659485,0.9076868767099109
0.5591364647453994,0.46148044076352307
0.6959843533268917,0.20149111289877594
0.4784326894643874,0.30383391936877796
0.9007153322416616,0.2713794016415144
0.41799534603119876,0.5747065572323713
0.6286305265879514,0.5586444267937517
0.9060587779022666,0.2114552996205101
0.4741385954173099,0.7142489717976144
0.616395921133486,0.4433793403476203
0.5163319831078169,0.38646191863030627
0.3274153236232009,0.4502691730650428
0.6344212389304335,0.432334126898961
0.6015325799762482,0.48780829352312755
0.5223207384624707,0.31931176095957853
0.5469592701748927,0.41135785312122974
0.6211903726082526,0.49513823585112304
0.3484443678359045,0.6829053040331833
0.7997628843039298,0.3178741128773255
