0.05,0.05
0.05,0.15000000000000002
0.05,0.25
0.05,0.35
0.05,0.45
0.05,0.55
0.05,0.65
0.05,0.75
0.05,0.8500000000000001
0.05,0.9500000000000001
0.15000000000000002,0.05
0.15000000000000002,0.15000000000000002
0.15000000000000002,0.25
0.15000000000000002,0.35
0.15000000000000002,0.45
0.15000000000000002,0.55
0.15000000000000002,0.65
0.15000000000000002,0.75
0.15000000000000002,0.8500000000000001
0.15000000000000002,0.9500000000000001
0.25,0.05
0.25,0.15000000000000002
0.25,0.25
0.25,0.35
0.25,0.45
0.25,0.55
0.25,0.65
0.25,0.75
0.25,0.8500000000000001
0.25,0.9500000000000001
0.35,0.05
0.35,0.15000000000000002
0.35,0.25
0.35,0.35
0.35,0.45
0.35,0.55
0.35,0.65
0.35,0.75
0.35,0.8500000000000001
0.35,0.9500000000000001
0.45,0.05
0.45,0.15000000000000002
0.45,0.25
0.45,0.35
0.45,0.45
0.45,0.55
0.45,0.65
0.45,0.75
0.45,0.8500000000000001
0.45,0.9500000000000001
0.55,0.05
0.55,0.15000000000000002
0.55,0.25
0.55,0.35
0.55,0.45
0.55,0.55
0.55,0.65
0.55,0.75
0.55,0.8500000000000001
0.55,0.9500000000000001
0.65,0.05
0.65,0.15000000000000002
0.65,0.25
0.65,0.35
0.65,0.45
0.65,0.55
0.65,0.65
0.65,0.75
0.65,0.8500000000000001
0.65,0.9500000000000001
0.75,0.05
0.75,0.15000000000000002
0.75,0.25
0.75,0.35
0.75,0.45
0.75,0.55
0.75,0.65
0.75,0.75
0.75,0.8500000000000001
0.75,0.9500000000000001
0.8500000000000001,0.05
0.8500000000000001,0.15000000000000002
0.8500000000000001,0.25
0.8500000000000001,0.35
0.8500000000000001,0.45
0.8500000000000001,0.55
0.8500000000000001,0.65
0.8500000000000001,0.75
0.8500000000000001,0.8500000000000001
0.8500000000000001,0.9500000000000001
0.9500000000000001,0.05
0.9500000000000001,0.15000000000000002
0.9500000000000001,0.25
0.9500000000000001,0.35
0.9500000000000001,0.45
0.9500000000000001,0.55
0.9500000000000001,0.65
0.9500000000000001,0.75
0.9500000000000001,0.8500000000000001
0.9500000000000001,0.9500000000000001
