0.2647908232998805,0.19677216083149107,0.010612273090063726,0.2852385474039536,0.29300239492098284,0.008690885674574728,0.18442006804120803,0.010753907937601292,0.021496325938838223,0.08761408495639182
0.17836484362325208,0.09331471069049758,0.02595102341263207,0.21896582578680945,0.03372472147424524,0.25073876477628154,0.11268188009543761,0.28428260515346443,0.22320481774669862,0.202650469232472
0.0031288326216146935,0.01491998381858431,0.2817762602083485,0.23763067683400085,0.008111971099310925,0.30350200103915165,3.3731252457112466E-5,0.25566436550464294,0.1841703836238178,0.13191209551759958
0.15877649379513778,0.12155931396555643,0.0932680136056872,0.2842713551275181,0.024054562627324624,0.03715032952221932,0.0013085354544976429,0.11028601067340414,0.29826679323206035,0.2960809170863431
0.24081713952511521,0.010755322683257287,0.07989334915591363,0.2148542746865392,0.26018213131144113,0.05408117372488046,0.28788365564030777,0.2653190414234856,0.3089425630476876,0.2548403420647513
0.17996337137709162,3.584723339433014E-4,0.16300142917710275,0.017167684902847924,0.005486606580924316,0.2864958221067337,0.12636206256337898,6.388719049512149E-4,0.19805663434889823,0.11337662145736317
0.07417320531803324,0.06943760794052257,0.3087585799900437,0.25248941927657265,0.0031001074248993765,0.19339733553833383,0.13762437525841315,0.002455949253487063,0.06289921480702329,0.12231056898342517
0.2992938421562118,0.2465569111452788,0.11137320897862618,0.311092835517974,0.004945718192642034,0.19879124257577405,0.0018504707653070663,0.2814861106786902,0.30228139111281027,0.2138918522568286
0.012772340689180484,0.03045304715320118,0.05893993551502696,0.2732967447178356,0.2132175782693311,0.002635190263769791,0.0027365866363790485,1.1053314254440126E-4,0.005575257958195235,0.06343421866036429
0.27306394065145845,0.006248737048719861,0.023006929096387567,0.27111111038335256,0.31523010692397807,0.29798161433561693,0.18826669520088338,0.010762702229966387,0.0032884192755274827,0.0903977252047221
