0.12039557676555834,0.09823320825650382,1.4128233815683394E-49,0.13638697417665482,0.17015876182014136,0.0,0.12605244364472956,0.0,0.0,0.12307066742495085
0.1364581218279808,0.1335379657941265,0.11008021944127518,0.1117138370459905,0.11219950435400215,0.12712196454561947,0.12313542870187939,0.16229737404890765,0.15213175799618692,0.1812327766622193
0.0,0.08569285559317465,0.1520374823205813,0.12336785102489055,0.0,0.1325015104343456,0.0,0.13265083121248836,0.15588107638386353,0.0
0.14773387794666418,0.12245545219345044,0.1176044215138166,0.1340006809030373,0.09246112742571397,0.1135655046286542,0.0,0.10140034020799271,0.11470063979333317,0.13090543655237338
0.15416630875223591,0.11003707883720693,0.11721893860287294,0.15246667816965465,0.13145442188206583,0.09746320075018398,0.12672756888134695,0.12551633931294817,0.1256497032079902,0.14156453442765787
0.13122951114282422,0.0,0.13587386067428625,0.09724484810430052,0.0,0.1412814708945667,0.1298103815572707,0.0,0.1420759101191085,0.0
0.12253625481099933,0.06197245498862863,0.1585231185249654,0.15701699231032903,0.0,0.13141651059449852,0.1449206698110302,0.0,0.09565713170952247,0.12242106644255536
0.10503093475400493,0.16108202489255824,0.11487464597915198,0.12233640129538505,0.0,0.12661306409924838,0.0,0.1249471206137167,0.12738208020313002,0.12705535308106114
0.07889939624996667,0.0,0.1303179095197254,0.11593130423917934,0.10601043159290112,0.0,0.0,0.0,0.0,0.11615215183663356
0.1253732054878352,0.0,0.0,0.15386598999047574,0.14145260326772158,0.13984766276786706,0.13846042711246745,0.09169460942708677,0.0,0.11790710860112
