0.42770008141825855,0.3197081668867078,0.7365003587093165,0.38764033804338127,0.40463400633984337,0.04815116787564888,0.6326190786262138,0.16208484928035338,0.20839698846227417,0.06826286064002196
0.7206518087532526,0.13137858315990492,0.19478668101842034,0.7281382613377049,0.22871522891875928,0.6081671880558879,0.03416559305461986,0.4211385172848232,0.6170646877210795,0.9352438181117201
0.8423386318437787,0.15189201513772976,0.5868274289460021,0.41790471821047503,0.17978994895801625,0.4731040662934385,0.032611056444888376,0.5748213872238178,0.7648911656431489,0.7913746143406662
0.3182903009764081,0.8369768984559043,0.915637410696973,0.46698143075727383,0.252345482608055,0.20409559012419476,0.8096637017892048,0.7155935120188176,0.5424459346218239,0.4041297521771905
0.6337390737419855,0.05913802452549388,0.31854278310515494,0.7937479298563274,0.5816311140414748,0.9685511085329342,0.5295548504988846,0.5864040576125749,0.45317938558716087,0.39290145664388365
0.6408025730914018,0.9994480045558654,0.3076108261679421,0.07738253322613242,0.08766451784513596,0.5728717977792851,0.23057610187669242,0.9369280405354162,0.37550193091880035,0.22966833559059008
0.7870809416730209,0.27271244238140124,0.5567165434346124,0.621412120203261,0.15143176546088954,0.29555603853709544,0.06287755148614038,0.9325543989856527,0.23051045326481623,0.25326263018725703
0.5231739508861252,0.6030581943467956,0.32813803899937366,0.4481749933654374,0.26001845133086143,0.37138098166978384,0.03598296885004715,0.5767410759896611,0.6184497645665507,0.6384460752312673
0.0804141658496964,0.12464257631405928,0.1580505905393368,0.40812633053016467,0.8048952157563749,0.00904408301372761,0.014418011708567935,0.9708967897855579,0.8239607035944754,0.2737799237761308
0.42179475047508774,0.06469523816339418,0.14751133528742588,0.41380279493501004,0.4792885581108103,0.47066319400158907,0.7431098421982059,0.8319768546422507,0.7401785779160581,0.8813221086271485
