0.12265368053328495,0.10335172932194024,2.554038310911484E-4,0.14760995830488055,0.17159204933640315,0.0,0.1463669868563532,7.478963935173021E-247,4.66156488512232E-17,0.12156462229837788
0.1478179932212353,0.1291666966201233,0.07291666730221029,0.11739807496128876,0.10186093136657552,0.1398346294383706,0.12187161080243611,0.18153690706895867,0.15923024314022557,0.17674387891925106
1.4151719872590056E-72,0.06227050488401519,0.13001648125800322,0.12877443089674082,0.0,0.16727875061431072,0.0,0.13930871669710773,0.1517547316564393,0.0
0.15777188377758072,0.1272699748799804,0.10994264186147823,0.14695811631621988,0.083506507687156,0.10966808916047331,0.0,0.10070313341376946,0.12662081372365178,0.1394318399033216
0.15410781997299342,0.08905102056318567,0.12176456584871924,0.1528719143552472,0.13574185143539422,0.09661491518978958,0.12940328475006918,0.12852790190883184,0.13474171104748156,0.14968650677421957
0.139407019644675,0.0,0.13902071415357686,0.10107372091442528,0.0,0.14393812955316934,0.142228875697152,0.0,0.1482271500696894,1.7886404252609323E-119
0.12995259589582678,0.059787729859887104,0.15217350612079875,0.16012386581229218,0.0,0.13174822201423408,0.1431236680801564,0.0,0.08306277258289096,0.1201620922958474
0.10397980328953264,0.164314893677919,0.11553823643052251,0.1150996117222537,0.0,0.13180191680356163,0.0,0.13509279355364007,0.13385480972682692,0.12800494968283527
0.06700165968534322,0.0,0.11196902572138502,0.12342394153279164,0.11424510318199868,3.934094239601875E-281,0.0,8.120409138118968E-172,0.0,0.11391457461807557
0.13542391822331076,0.0,3.75E-322,0.1542833257458844,0.132465665788738,0.14106856108250432,0.1386915712558003,0.07418673780017641,0.0,0.09422567706841185
