0.11763620329731797,0.09163661549211363,0.0,0.12102593666303425,0.14943380530339684,0.0,0.11627282565167354,0.0,0.0,0.12081369681198408
0.13197131130947043,0.14608311176598407,0.12041241305032212,0.1089313648558455,0.1170857508179844,0.11289324631348083,0.12429392083342052,0.15695868335330235,0.14045137633063023,0.17131222447129013
0.0,0.12389852862076094,0.11654790345004183,0.12125429360334081,0.0,0.13010689203086012,0.0,0.12526556196354496,0.15810554315636724,0.0
0.13782251711347007,0.11381209535758237,0.12185933692310019,0.12959929832761966,0.11430933705977776,0.11810325491206879,0.0,0.10497839848892354,0.1145570949847142,0.11963275485832614
0.1097222274862925,0.11750607063850758,0.11241809751135938,0.1507472489188113,0.12649008245941745,0.09800596955004172,0.10768379812239565,0.12093476397920731,0.10959741843345805,0.1290546148570377
0.1193673510210456,0.0,0.12058719538932407,0.09847508070495174,0.0,0.11941511565127974,0.11888083997117399,0.0,0.11637371767785298,0.0
0.11235934524283604,0.09521618240394605,0.15755229869818735,0.15823166446312478,0.0,0.13531617088982636,0.1447010862867667,0.0,0.10811083225640918,0.11964320070405075
0.10503841738338467,0.15634696388257174,0.11315104300115467,0.10992503497271128,0.0,0.12851527478044203,0.0,0.1192424299915817,0.1305488518369932,0.1234513502990264
0.12172525929256749,0.0,0.13196461333100226,0.11043276389198767,0.09729403579825834,0.0,0.0,0.0,0.0,0.10278896139715904
0.12271400657059724,0.0,0.0,0.15567070023761212,0.14188665147295468,0.13639689739878452,0.13417182973000397,0.10540359229038213,0.0,0.12655805219053862
