0.11749874607293101,0.09464391234160102,0.0,0.11970675806530034,0.14872092672869844,0.0,0.11936825275432748,0.0,0.0,0.12124194804837765
0.13247919065431615,0.1460662960842009,0.12376715748501946,0.10708635826013094,0.11595133388850155,0.10939184901710396,0.12415140022289928,0.16342172004647612,0.1401800008874983,0.16513324905513713
0.0,0.12360853284818465,0.11730467119424534,0.12436458457990708,0.0,0.1299765131044747,0.0,0.12565207981122103,0.15801673740889524,0.0
0.14292533719164494,0.1160633992173466,0.12170566794540393,0.1287759964250155,0.11441206406967885,0.11848333673555847,0.0,0.10497578993163081,0.11459769587589771,0.11860468547331234
0.10972222646048437,0.11540205612613559,0.1127302769625792,0.1504366410892873,0.12365877348501969,0.09906011908713833,0.1143009112097124,0.12153990748571138,0.10994626147520208,0.1306620191753806
0.12011448122552223,0.0,0.12708915377476873,0.09792942305449077,0.0,0.12959891848468288,0.11856226544509244,0.0,0.11802280924359956,0.0
0.11437595709957497,0.09246531261043194,0.155892704685332,0.1579040534425426,0.0,0.13515633619325534,0.14496258634108322,0.0,0.10724008459543488,0.11967146050236031
0.10489530370377441,0.15688621603708464,0.11330249510912656,0.10895249942971084,0.0,0.1303107352928109,0.0,0.1195889949545567,0.1301003843101867,0.123882651938403
0.11760737276647373,0.0,0.13169149482226666,0.11111406289853679,0.09730573084015685,0.0,0.0,0.0,0.0,0.10365160113810948
0.1227078922235442,0.0,0.0,0.15573302417777518,0.13865427043776032,0.1372531737618059,0.13415617372261268,0.10238185463682485,0.0,0.12462172311012303
