0.1177304865639959,0.09530718532933215,0.0,0.1217308729239279,0.15345862744224772,0.0,0.12292448533653291,0.0,0.0,0.12217911943254794
0.13169564622119373,0.14768282010158884,0.11950706391373056,0.1063948870090791,0.11864198899198458,0.11356226567086729,0.12278184114667759,0.1672486125645729,0.14029987711466113,0.16899602621169138
0.0,0.12434349311181056,0.12798747546745978,0.12461546346555828,0.0,0.12983317131872124,0.0,0.12663724437398227,0.1583055930969463,0.0
0.142800626024057,0.11948412252124944,0.12200962380413646,0.12745974602519453,0.11333371586268289,0.11725910328607882,0.0,0.10423911235530044,0.11473181182979929,0.11695292961190902
0.10972466316191944,0.11604050255904692,0.11473353357765524,0.15018985779945335,0.12244823296999438,0.09933714291602608,0.12076398338811543,0.12324541251652227,0.11399352947354137,0.13356212377342905
0.12075729873809359,0.0,0.134017911609346,0.09805286373305729,0.0,0.13822208012116574,0.12277403857972449,0.0,0.12377760315235015,0.0
0.11226753653844707,0.0778457612779082,0.1574573738477512,0.15461234086495118,0.0,0.13588962423344947,0.1448244222123003,0.0,0.10824039671777755,0.11993457141396517
0.10493072745799877,0.15898692946425333,0.11292339345331724,0.11038306180683682,0.0,0.1297656923488515,0.0,0.11991929242075335,0.12898425895715676,0.12589961604060632
0.10699895232842939,0.0,0.13205877898579513,0.11210435365388054,0.09751770684636862,0.0,0.0,0.0,0.0,0.10509404612738889
0.12076334120450345,0.0,0.0,0.154829363074501,0.13643197960475198,0.13552931462173218,0.1349298269218893,0.09695880934748895,0.0,0.12561270005214878
