0.1189791114550414,0.0961252786582515,0.0,0.12585564083387185,0.16377743353861635,0.0,0.12441645833118181,0.0,0.0,0.12199919027152038
0.13367814237455836,0.14573047829640248,0.11660216138056648,0.11081081699966232,0.11842452605951406,0.11724232106433571,0.12211079044711219,0.1654831148140263,0.1432498154247492,0.17740661984720904
0.0,0.11490829698126206,0.15035401671969145,0.12278040427122584,0.0,0.1286507783421737,0.0,0.1310776016078805,0.157753876314604,0.0
0.14725834454631956,0.12311126769215826,0.12085582627700671,0.1283835183594075,0.10360394825222653,0.11679132611136143,0.0,0.10278881731299958,0.11390257505435027,0.12294873655570916
0.15416606540611588,0.11438274712565653,0.11592867272406576,0.1504554885962214,0.12163077385135525,0.09970177150202764,0.11959613473654099,0.124076549773359,0.11933662495404213,0.13486844242071536
0.12260893381773871,0.0,0.13621457894565142,0.09601159679528963,0.0,0.14068603879760175,0.12407438881708802,0.0,0.13333265771854108,0.0
0.11461246439481036,0.0695113068037745,0.15819108792366893,0.15421186960602842,0.0,0.13314398806497826,0.14347222511025878,0.0,0.10041368444918826,0.12043798671252127
0.10492934668401108,0.16045504293262355,0.11357665506877511,0.10899780699826808,0.0,0.12917952568395707,0.0,0.12180652221693239,0.12814097374725902,0.12658466527938966
0.10159663225194723,0.0,0.13508607969363048,0.11287316206012148,0.10104427093740795,0.0,0.0,0.0,0.0,0.11329035013338211
0.12446086945230947,0.0,0.0,0.1557108206576719,0.13859455575050772,0.13863071313064507,0.13632533646892697,0.09676378538615305,0.0,0.12298484592559836
