0.13681961322873498,0.10967302725295698,0.03730368276904889,0.16312069796093415,0.19144021948310447,4.864881243755966E-15,0.161120965390647,8.57688113443057E-11,0.016746040953208845,0.11521712011522764
0.15550006724742035,0.0877791458344127,0.07291664775667117,0.12856933277733407,0.08090216642182474,0.16024582153895542,0.1311322525606407,0.2159397380637266,0.18509166550710038,0.1656538883116837
3.844017542994266E-6,0.0388888888853864,0.17069518196577813,0.15154284723173986,4.254212465384437E-14,0.21012059485655848,4.553660440259749E-90,0.15819637951406249,0.15735489863277974,3.4316089658868394E-14
0.16785523878517036,0.13199484879430337,0.10522762211582992,0.1618251266049569,0.05826822136687527,0.09882703348713671,1.4824587858783233E-22,0.11005308162941811,0.18869728729041654,0.1580027542085832
0.15423260507922362,0.04957511765731841,0.1170948103014866,0.15826412747473342,0.1807847895575946,0.08829422998238796,0.14718413275491923,0.15779150502949607,0.15096816296090157,0.15579933566164372
0.1467560813808542,8.0949866594773E-79,0.13435818236925923,0.08150853229892885,4.985488754845433E-26,0.1569067039280784,0.1538556097865863,5.459622420073035E-29,0.1551219547880232,2.704719910684491E-4
0.11752006618619487,0.04772642405548192,0.14173471440110275,0.17973891003587542,3.1255631978847594E-27,0.15243162634268098,0.14196108956758743,8.289377532671656E-30,0.08084470616796867,0.12942776784364773
0.14457617479834128,0.17168381768405788,0.11529874466035538,0.09717668844673726,1.139344918549319E-22,0.13971107691461437,9.823757953235154E-19,0.18136154518331102,0.14652137396306758,0.1347428416697399
0.04166666745527672,2.8802449822559324E-18,0.10033558591083924,0.15224714003565187,0.14222802167387072,1.117125228717497E-15,4.489990376298878E-22,1.2776593053046481E-14,1.816256846202397E-25,0.10705603660880543
0.1769999297008378,3.3947453711942093E-50,6.073502151954239E-11,0.1798371891186392,0.14953333376941244,0.17397224359162813,0.14482862111030564,0.06423380125210372,1.8724254161923445E-36,0.07622037466871857
