0.12119245560460605,0.0888102068653169,0.0,0.12163275955743283,0.1501883875296461,0.0,0.11547622980863674,0.0,0.0,0.12137066457432277
0.13194582903873892,0.14678711570883013,0.12095487804410487,0.11007356005129797,0.11758175423854957,0.11353394984787575,0.12432212012796431,0.15638972743159194,0.14045964084784665,0.1632981141527559
0.0,0.12207074281281849,0.11707539052905493,0.11607691079718549,0.0,0.12731400592267955,0.0,0.12377201189749021,0.15639405692659036,0.0
0.12720138472197315,0.11524959242816532,0.12213896906078885,0.1293602677986987,0.11428610005450839,0.11736932459698955,0.0,0.10506700015819478,0.11454886903243354,0.119422613911706
0.10972222736740567,0.11903073181869187,0.112576192580952,0.1513425541878385,0.12417337902431136,0.09761033120865345,0.10455867927871051,0.1189409559193918,0.11415526956537399,0.12938505797785277
0.1188449401063536,0.0,0.12364110188571645,0.09891705128754613,0.0,0.12050320311735244,0.11834435372038414,0.0,0.11488717653781196,0.0
0.11123051705404258,0.09581716922957156,0.1570503905858234,0.15818022809772445,0.0,0.1397410766115454,0.14495000946799344,0.0,0.10809921703916092,0.11973759563881381
0.10491573969240896,0.1557440010376871,0.11313171303347383,0.11035597379558984,0.0,0.12818498339281,0.0,0.11861218565095669,0.13061849477119164,0.12336300211751555
0.12171145475161678,0.0,0.13199847462760186,0.10927646662874099,0.0972833513419597,0.0,0.0,0.0,0.0,0.10323394704367567
0.12260831588314358,0.0,0.0,0.15580989579501828,0.1416990604133799,0.13579251991016786,0.13481757091145388,0.10634803753217846,0.0,0.12972449669695327
