0.012236815056827995,0.012647395502632237,0.012235754572908786,0.012557672648606657,0.011678775640512881,0.011785511663212638,0.011461350620625638,0.011475767934026824,0.01142475753311644,0.011669316469864872
0.012010342663151773,0.012432998523580702,0.012193312985022676,0.012628131480166845,0.011818607652072443,0.012030065856917942,0.011742724451842124,0.011788409027241091,0.01171864092094137,0.011897803137481702
0.01119641984090602,0.011616550414746447,0.011478618905756324,0.01190549187715641,0.011158319276887154,0.011437648854536997,0.011194311060660074,0.011282349391552288,0.011238830630088324,0.011405635524768008
0.010950983586887725,0.011352660473269265,0.011275800843952615,0.011681128988354175,0.010937408052793486,0.011239685236797409,0.011022428690259978,0.011111034762895076,0.011104884323752829,0.011311348116120834
0.010422484228336209,0.010774941250032647,0.010777973038252632,0.011214156921285528,0.010559287103714362,0.010934539977753286,0.010767624356668252,0.010838242808276553,0.010862385823076286,0.011107275583622308
0.009347648486888582,0.009590446010200395,0.00961557155147632,0.010002421887361048,0.00942887931875235,0.009786826872457664,0.009653233139480358,0.009678479323621331,0.009758941815892184,0.01001556387908536
0.008680770905866844,0.008865280436724493,0.008901451342563472,0.00926815328556012,0.008740298865317827,0.00907426375163245,0.008954655470494864,0.008957265529350077,0.00907507162670308,0.009389054387918727
0.008300149771286229,0.00847679832998863,0.008533550601198377,0.008906093965342164,0.008401431191932028,0.008709312500617806,0.008565538024904066,0.008551152731226034,0.008679790834890429,0.009037971812317096
0.007534276444795134,0.007681913436028472,0.007772831737604391,0.008160604365833496,0.007684570707435912,0.007914772198405575,0.007755520696126567,0.007681307459290866,0.007758319745362646,0.008079863507656373
0.007205228617598451,0.007347583940256948,0.0074620950309304815,0.007882657689266829,0.007461026914945633,0.007709678752117472,0.007574119562965456,0.0074644314673206836,0.007510556904918014,0.007817968886177301
