0.011593329021239367,0.011934540958276698,0.01169484954581812,0.01201684037281676,0.011404482459825126,0.011564306695983677,0.011357950834808636,0.011384803815079905,0.011314670284283701,0.011468502060964033
0.011434835027269663,0.011786813538176582,0.011667720939697422,0.012072070701454881,0.01151015530885826,0.011746522642671765,0.011569727043531859,0.011621737454015235,0.011540498957478615,0.01165055099548966
0.010842435605039438,0.011196166757935114,0.011148598929652288,0.011550384424853288,0.011022758664306466,0.011305043471295117,0.011154333971059508,0.011232491682024334,0.01117216847622294,0.011277522983010945
0.010668406831109981,0.011012710594644504,0.011005893249418348,0.011391437079647104,0.010859115252581814,0.01115405478673944,0.011016614735943262,0.011088358247375614,0.011056096342438988,0.011191116223673216
0.010243201564015062,0.010555738677856965,0.010607095007307922,0.011014421582751626,0.0105447356796741,0.010893608946640961,0.01079189376886966,0.010847761088548373,0.010840624314402811,0.011006497204247054
0.00935726302717058,0.0095942866758405,0.009657571807360543,0.010026332542878847,0.009605767704116456,0.009939446200287246,0.00985421008933793,0.009873624045229996,0.009908879384151435,0.01008577687253618
0.008754456391840503,0.008952153425591223,0.009021446224972512,0.009373249341313486,0.008980835156664792,0.009291955699051849,0.009210565934427517,0.009209021510663716,0.009270400081053414,0.009490328130568776
0.008438033208200713,0.008629646599466018,0.008709212886884579,0.00906265669806594,0.008682196562155272,0.008970306840445268,0.008865992849089047,0.00884856339925077,0.00891815437592551,0.009170688888984771
0.007767645663061789,0.007938655529180924,0.008043956318867713,0.008409441012082852,0.008045847757352035,0.00827411430963708,0.008154991496569612,0.008091699896608948,0.00812678282797368,0.008357535832577177
0.007504600089976472,0.007669995214625721,0.007791768685670105,0.008180704648952127,0.007852772999055582,0.008092215367278256,0.007987671636778796,0.007895317438140986,0.007907373040586089,0.008127692880472815
