0.010004244750295944,0.010040414564609376,0.010079422781279072,0.010262942436755051,0.010251881030152918,0.010397299838688097,0.01040780522109444,0.010458649734382925,0.010343398086669748,0.010262488274097203
0.010052743210916188,0.010092632831481554,0.01014383670792307,0.010338474632262305,0.010333368498210356,0.010488226306739184,0.010503368262458918,0.010559653345374361,0.010444858734666782,0.010362016223282533
0.01004937029502405,0.010091010110527751,0.010147062846580273,0.010342710340456421,0.010332746125235598,0.010483685535015287,0.01049127139465351,0.010539560914399443,0.010427564992504152,0.010347526186530455
0.009992471872148027,0.010031361867206797,0.010084477772929328,0.010275044761902842,0.01025284071469506,0.01038911027130131,0.010388147638041818,0.010423128025573302,0.010319549193705181,0.010245868792222787
0.00988963379243083,0.009923559722962846,0.0099745683841611,0.010159676773675326,0.010138653412082156,0.010271488952908782,0.010268351996615705,0.010292621911801504,0.010196370478884166,0.01012943967237872
0.009730173001355976,0.009755255045571176,0.009796222910185729,0.00996835115518517,0.009939080948661343,0.010058802611925835,0.010041379196624976,0.010049915911562426,0.009954794536706248,0.009888976094417036
0.009619900460029954,0.009640090321337415,0.009671567007660092,0.00983243574120227,0.0097909561234896,0.009893099381791809,0.009859208988498281,0.009852196726190088,0.009753761229576894,0.009691883084632955
0.00965581490930878,0.00967153869039123,0.009692338329325517,0.009845868694852648,0.009792485798383705,0.009878768501476788,0.00982713589864464,0.009805876533436174,0.009702401224185206,0.009642303492368708
0.009538556888265552,0.009555151054505795,0.009581952818294217,0.009741971989252116,0.009683946301202355,0.009757138109354285,0.009694947581642748,0.009661914348794699,0.009554165678997424,0.009493222061997477
0.009588195040679613,0.009604815032699934,0.009635466970304919,0.009801937194691633,0.009741555222754425,0.009808075597880689,0.009737514407633098,0.009693489511197657,0.009580085179710266,0.009516716241268132
