0.010685216229568346,0.010903774203397274,0.010876563433434017,0.011188460871850913,0.010930165616853034,0.011119137992599388,0.011063796534998659,0.011115008682274066,0.011040216922885409,0.011082551702259653
0.01061435724044864,0.0108412628301306,0.010871516303344,0.011225484366455284,0.010993041651135977,0.011221745174525611,0.011184668109730213,0.011252267650149486,0.01117611200154373,0.011201659844888577
0.01031280699839328,0.010544610216498121,0.010607856631506967,0.010962006333131389,0.010737253847382586,0.010983988844019962,0.010955247694647905,0.011030559024742918,0.010967155221792172,0.010993651814186493
0.010225239874841169,0.01045597701803355,0.010533099132702914,0.010876016979204263,0.010639404738909087,0.010883414914436668,0.010854098761677209,0.010916786672582071,0.010869182325933433,0.010911024796117316
0.009960900377153518,0.010179462065368003,0.010283091501719039,0.010633026012932284,0.010424794226543112,0.010693530088742723,0.010679912902321618,0.01072988403309763,0.01069840380231898,0.010757769990468784
0.009404952912231439,0.009591371268417043,0.009694311345392698,0.010020272698385036,0.0098248511611145,0.01008203668009608,0.010065796970774497,0.010090451933931276,0.010078145636104948,0.010143483106863412
0.00896808532795798,0.009140210980046526,0.009242105852412632,0.009555779998789917,0.009365596684325636,0.009604178458727582,0.009578492388885538,0.009582974375315289,0.009578109938589485,0.009665506557271292
0.008786496042338587,0.008955431118047358,0.009055104158909711,0.009365939662331074,0.009173900687265259,0.009394467191094217,0.009347802967642347,0.009336663945977892,0.009332837459788438,0.009436210424489378
0.008329162795445825,0.008491235584220741,0.008606115624294428,0.008926928688127058,0.008738181958790404,0.00892581701401394,0.008865604826892703,0.008826655826523708,0.0088069002977352,0.008903455177838785
0.00819741717991546,0.008356595000828176,0.008480249741269503,0.008814335216656316,0.008637960558708434,0.008827281333093644,0.008768387341555488,0.008708633148877975,0.008674992421650655,0.008765358126166679
