0.009725904811014676,0.009731590952375649,0.009789147322289495,0.009913661722852494,0.009980468280059381,0.010113315821812099,0.010125062631562586,0.010188963715896587,0.010082820301789605,0.009996637959253787
0.00980717235894409,0.009815492624473269,0.00987651645360183,0.010004667278058195,0.01007406751724154,0.010210728628115246,0.01022409361031574,0.010290320857524972,0.01018370149550373,0.010096847934332716
0.009892224099148457,0.009901431313350178,0.009963295492393151,0.010091845709225321,0.010158332796843047,0.01029239520923565,0.010298803529162594,0.01035712299627499,0.010251923295629108,0.01016547959970752
0.009856300344825071,0.009863080776613088,0.009920070750136583,0.010044904504949673,0.01010143048706469,0.010223295547121078,0.010224402685855697,0.010273492425207784,0.01017542052030426,0.01009197716536756
0.009837193286305545,0.009840342932287142,0.009890560749732224,0.010009243319241029,0.010061057428474381,0.0101753415427377,0.010172539254893283,0.0102130677554253,0.01011884503529071,0.010038007976377461
0.009780687757667633,0.009778130817080736,0.009818061362237989,0.009925994653199242,0.009965497749929487,0.010064529555001962,0.010045947579910567,0.010073599954163926,0.00997694653646874,0.009895222132162882
0.009788870715706893,0.009780010016398619,0.009808758276324808,0.009905156197214918,0.009929848567175839,0.010011005115507182,0.009977118270644788,0.009992062014762215,0.009890619465026748,0.009807929037747848
0.009893895866885653,0.009877952976140502,0.009894666891425275,0.009982795215884103,0.009994683399406578,0.010060209739117637,0.010011438034357115,0.010014490450550376,0.009907442385828512,0.009823009805416946
0.009878372062526761,0.009862776836573868,0.00988215145787405,0.009974094213260972,0.009981973098543321,0.010038332481969586,0.009980192890333951,0.00997521130042426,0.009865451264871056,0.00978032007914365
0.010002096441732897,0.009986630308810251,0.010009107036216814,0.010106417779883805,0.010110199992785847,0.010157586998872096,0.010088595123736624,0.010074944338904624,0.009960721867134096,0.009873633080858053
