0.010217770681100259,0.010296270740261664,0.010316054374043586,0.01054431807397465,0.01046021722461208,0.01062194629614233,0.010621179801269202,0.010662489740015005,0.01055329423708606,0.01050385745100746
0.01022374011975333,0.010307301064617386,0.010350724034155781,0.010598398952413471,0.010525247169417816,0.01070407389154304,0.010711731277069154,0.01076141468618677,0.010652775913577033,0.010598455665724137
0.01013083817708732,0.010217939601629682,0.010273738186805876,0.010523247883697556,0.010447422262709187,0.010626471923541304,0.010630373168290306,0.010675617530383343,0.010572882872068992,0.010521704656419956
0.010070897113989931,0.01015615768956033,0.01021383148517296,0.010457650586159446,0.010369909786804004,0.010536788380100243,0.010533459946744558,0.010564783644970802,0.01047223863673048,0.010429415591430092
0.00992206080651504,0.01000123642113437,0.01006513716060495,0.010306966357819096,0.010227977522296415,0.010398943170729466,0.010397901430401129,0.010417716095988076,0.010335078218673207,0.010301497933233391
0.009657937985984135,0.009723972228362578,0.009779843695230512,0.010006758300014157,0.009924497778975559,0.010083613522296966,0.010070526627448069,0.0100717620004645,0.009994245154800492,0.009962577842118958
0.009444146373400342,0.009505014979344315,0.009553829563059888,0.00976983115750005,0.009679421271369724,0.009820794345683014,0.00979172890074883,0.009775247717593315,0.009696193585898846,0.009672868981041432
0.009410059856878875,0.009468306035819704,0.009508563032288714,0.009718897533417242,0.009618989441202075,0.009744020104433107,0.009695507535997601,0.009663974781521362,0.009581266361219901,0.009563099774205885
0.009179331396377166,0.009237977436044306,0.00928758942015058,0.009506638941000579,0.009403481071058272,0.009510297005709573,0.009450059717898935,0.009402524758296718,0.009313101454643447,0.009293091288305706
0.009164428038796604,0.00922284547566986,0.00927775752914179,0.009504940295355403,0.009402465869010614,0.009504573996186939,0.009438288025374561,0.009376734326943295,0.009279453998098389,0.00925577785195594
