0.011076850879054927,0.01136343811416429,0.011257869707271008,0.011586052657429196,0.011178737254831381,0.011362968533790842,0.011245547216511966,0.01128645608782636,0.011214679973677175,0.011308548555382327
0.010965769658563813,0.011261798133299975,0.011239877941183734,0.011627050709102131,0.011256324154002038,0.011496242926814242,0.011402417943954964,0.011463795053385196,0.011386806923376552,0.011452603711116689
0.010533637234138834,0.010833250546441586,0.010860244835384138,0.011245950286203222,0.010892709172189194,0.01116282080091541,0.011084480564626372,0.011161116985981635,0.011100543103143255,0.01116522494924748
0.010406291241557074,0.010701933400364582,0.010754204490401662,0.011126149476364271,0.010763572106114585,0.011038070289719733,0.010965099286003512,0.011031520381435594,0.010992108414409812,0.011078342452788433
0.010067598597598688,0.010343402663157406,0.010435988343999189,0.010821289931377098,0.010501637865530107,0.010814354963783883,0.010766267287365275,0.01081889931926762,0.010800103740048455,0.010910310462815667
0.009349834938906391,0.009575165023679496,0.009672253566701271,0.010026915851905101,0.009734599344992188,0.01003438076863172,0.009991662648167867,0.010014373056865073,0.010025185872404363,0.010143853302948584
0.008818018150898648,0.009018568775182347,0.009117861567585945,0.009458216155309038,0.0091812146909127,0.009460743967965863,0.009414485432250761,0.009417029996715755,0.009443715547697492,0.00959376204276814
0.008564654204342362,0.00876066795717316,0.008862791946914588,0.009201989611455396,0.008928958808128462,0.009188372800345297,0.009120609779591582,0.009107761154985313,0.009139132442040242,0.009312589873687317
0.007995586666599956,0.008178441226112321,0.008299900841338158,0.008649418681377925,0.008385279307282485,0.008600066310178558,0.008518278170291228,0.008469856423085415,0.008477802183883535,0.008638634194992958
0.007799720534750571,0.00797770167307203,0.0081105792481432,0.008477109599202396,0.008234959521217625,0.008455687888304185,0.008381297687884906,0.00830849478784339,0.008298875292525926,0.008451981153648326
