0.012957509359396163,0.013452445376116472,0.012833169812322477,0.013160253058021898,0.011954091032991398,0.011992232366192042,0.011526145544124382,0.011531911572522749,0.011512575065220654,0.011880607113989349
0.012641290540355564,0.013151367428116121,0.012775133143877366,0.013254755018299426,0.012141968869069455,0.012321919383733154,0.011899711789739375,0.011943727748459785,0.011894032023072038,0.012165282494917263
0.011545009333436461,0.012046192225326992,0.011812592509367796,0.012271747258406721,0.011263980961188759,0.011540951776567304,0.011189450306229101,0.011297932858718501,0.011281239406922324,0.011528149737284719
0.011227327479358229,0.011698765570036613,0.011551887244205548,0.011979965773313795,0.010985550318987194,0.011298046806014289,0.010989134429497744,0.011107326467153823,0.011140475238400945,0.01144069342980872
0.010597452136257067,0.010995990764765935,0.010955473802761306,0.011424789240765617,0.010552081641696435,0.010961570725043383,0.010720533282883894,0.010817127448700196,0.010886701891693969,0.011235190429713802
0.009329883345475413,0.009573542702089934,0.009567219144724675,0.009972461044268697,0.009225002881380381,0.009613828715240523,0.009427938183142434,0.00946543741395711,0.009607493600672857,0.009967439582577122
0.008604589938285494,0.00876481345850196,0.008773422567505062,0.009154781293018095,0.008475859005771545,0.008838726977157187,0.008679900579130975,0.008692480180190157,0.008886395164486567,0.009324339681579422
0.008159406278446787,0.008309627542811315,0.008350580029379943,0.008743229587189327,0.0081016690385264,0.008433827162797414,0.008248982858958724,0.00824314319061913,0.008450860373497755,0.00894999028285008
0.007301672565059735,0.007412914499817864,0.0074973836434425985,0.007910375458911979,0.007313141467391029,0.0075454921762538275,0.007344920692785654,0.007261975366367024,0.0073944779829702885,0.00783505113208107
0.006904703969839722,0.007012281329689762,0.007129102603090853,0.007587771829290968,0.007069015800629056,0.007329290152406999,0.007163688334862315,0.007037139198714182,0.007128577189313723,0.007550693567804727
