0.01040301099987368,0.010547230914113364,0.010553997864025631,0.01083106034010406,0.010678590169609292,0.010860554229130542,0.010843260234479459,0.010890054461963153,0.010799856671925123,0.010795460253425065
0.010371865291957811,0.010522864837290313,0.010567833557132925,0.01087435882002222,0.010739271961627677,0.010948339603233371,0.010944145155563422,0.011003041307877305,0.010913030008764469,0.010899209897156436
0.01018620553894948,0.010342088832006227,0.010408423772056358,0.010716658455210347,0.0105827945568733,0.01079976055976391,0.01079771318484581,0.010857831768018043,0.010777157087007305,0.010765816814367515
0.010120520825439957,0.010275472685848316,0.010348784289470558,0.010649337619127912,0.010503480500778513,0.010712505546097328,0.010706439396404843,0.010753161131903602,0.0106849925098113,0.010684913407248186
0.009924146287972984,0.010070939892132938,0.010159308940773062,0.010461920203686486,0.010333353588155262,0.010555795503328155,0.010558272055373902,0.010592978359840983,0.010537286447453291,0.010549846917516256
0.009522492441636825,0.00964876419331536,0.009732019749082596,0.010015828738206419,0.009890372610843662,0.010101516613316286,0.010095817802026062,0.010109000763859705,0.01006454875781785,0.010080753792148784
0.009198215190252152,0.009316212521174955,0.009395075443196624,0.00966732885477935,0.00953901094669642,0.009731983790088114,0.009712484970582877,0.009706315829888951,0.00966371946722822,0.009694316818179255
0.00908812066309498,0.009203785835154032,0.009276731327117649,0.00954450737668381,0.009409891896337607,0.009585757580549026,0.009545662405484327,0.00952392829642934,0.009479566312678921,0.009520097899448328
0.008742027725980964,0.008855562496627441,0.008940734583477569,0.00921810945651372,0.009083129676064661,0.009234697093632876,0.009181865467178247,0.009138990503177867,0.009084275547755474,0.009121227382099934
0.008670137703526861,0.008782427901279883,0.008874495490495005,0.009162231174588465,0.009032772313520999,0.009182467150343918,0.009126481118992467,0.009066178831025016,0.009000740224245714,0.009032676015436938
