0.12822510224365719,0.14818951459118718
0.07955824986169341,0.3303459794038558
0.1154458496520546,0.46781792842236253
0.13806177911701403,0.7060421985143016
0.14036388824547408,0.8651303053741258
0.30822390383774734,0.1089071609828399
0.29775832979653644,0.2974986415957476
0.25651443274244745,0.49250289913759354
0.2735007477286463,0.6848890468743135
0.22260178112687795,0.8736640266383747
0.44620075080026045,0.1551744094984139
0.4820266326623172,0.30010004412089425
0.48798822371657435,0.4797153748977642
0.44321814240974106,0.6449315764418935
0.5133030065800893,0.8745561460997326
0.7013257300066168,0.1473782230885774
0.7272554065684218,0.32972325531022306
0.7314344507207362,0.45962421487593524
0.7509084283667918,0.6895138223524587
0.7383251267858915,0.8879310835065825
0.8612905560129683,0.16857678413258262
0.8744109420225061,0.3548978462924621
0.8964570653268934,0.47399152709670367
0.905703379757531,0.7117682055741232
0.9006559802503165,0.8511373913101884
