0.1284675193266863,0.23405401094744105
0.12548271027567032,0.2892229378763473
0.13432003656927302,0.5050788921944481
0.15348990522787354,0.6555462325737804
0.12039782932649179,0.8809923927686666
0.3070860584265914,0.19428692827082203
0.29389213944053016,0.3028115837249835
0.29884677611080873,0.5043403582653507
0.30930132838749014,0.6886987248417173
0.31378929751123164,0.8140874689281513
0.4963919615619442,0.20809905410321414
0.5099670042814934,0.31086444778379174
0.49283473842493825,0.4792334578317146
0.46449187182916085,0.6843043172501843
0.49831816066168355,0.8441159802920698
0.7415116538383324,0.13578763957475073
0.7238965683708838,0.3155978678189535
0.741072474162066,0.48084588438509734
0.7256828105781968,0.6748647422125666
0.7200173907187086,0.8747974892138014
0.8451028037078229,0.16083327107381185
0.8702424945021291,0.3259067928902841
0.8796229462485302,0.4825371732157198
0.8808072567669112,0.6706872436355085
0.8384887923595332,0.84902598284683
