0.08567821037746577,0.0915411332707589,1.1146251752524942E-8,0.1253031041344065,0.13906442797946103,1.0277685418394799E-23,0.1407232268217678,0.011017381821460514,0.024141705985781206,0.09891371994387063,0.14156902162508908,0.08121403645624417,3.4249805367459195E-4,0.12576020380291328,0.0833532870658778,0.12466759150001368
0.13657699108901916,0.19478557672806757,0.1521375279189277,0.11188594101674511,0.005411757760719794,0.038888914818697294,0.06478553526796159,0.13316496382521825,2.57271798834218E-12,0.037580416838243126,5.4481578144941406E-70,0.14186198699916577,0.1484535516596091,3.9106286372397145E-6,0.1300991223403437,0.0981394322013995
0.10713773166474436,0.12077646325048913,0.04792446090811722,0.08907621917534533,1.7352795983157283E-24,0.0940537310899593,0.05573273320225537,0.09783852262377879,0.16829847870211867,0.028353185880455527,0.10515266672093444,0.1261568069437356,0.03983484740329599,0.08623396973055178,0.15313882587149813,0.15337972329165306
0.09101225218999191,0.13836107451523375,0.12784802623028363,9.026179647471114E-86,0.1352834708578108,0.03125000008470155,1.4816375543769387E-28,0.13646009780848226,0.11660362420497733,5.607775526777673E-53,0.13444705237354404,3.229310293075318E-5,0.12979607389242848,0.057306816942622185,0.04784813374379249,0.14567794441940116
6.191865507072415E-30,0.1128832089148642,0.12536606715403095,2.372829971704078E-41,2.5458704269843515E-6,0.11704624181085306,0.09572705869584597,0.14970518718978612,0.08389064714535086,0.11100740154811815,3.921622562389675E-6,0.12898981580138918,3.7486256158552924E-29,0.04081253503932002,0.12049271455309088,0.12488059795672411
0.04166617245611645,1.4378602262305126E-5,0.003312510779728919,0.11243981877652916,0.15459310587262948,2.596946747908992E-21,1.3188355056788862E-31,1.3574275526280302E-22,5.2723392788729335E-28,1.013464544941421E-4,0.11240399291562803,4.68914961348061E-63,1.7683777126192957E-8,0.1580596571034796,0.06964258401589948,0.1259814398552605
0.14448319015672534,0.08188224466008388,2.799493843241508E-37,0.10110171521989726,0.10620306707817662,6.126364405314491E-4,0.07493758347040388,0.13363524922414854,0.17006724967528747,0.09696677453166969,0.05111093306726304,1.2320369923059924E-18,7.079320578790731E-16,0.006475730600064607,7.170396112831368E-28,0.10439530219882448
0.03464000938223065,0.17387893540066235,9.174250942210022E-28,8.669388268644689E-58,6.366790154058246E-6,0.12473438997408501,0.09961950295498417,0.03575017185194505,0.12463256831419088,0.12472301945323583,0.16462628624391173,0.10927170759244315,0.027425042738122817,0.11190972945038002,0.09501061468138561,0.036535682635677864
0.1511155082936787,0.1231215262504785,0.14624594808213687,0.10257251345027753,0.10937647254283585,0.05021524955299752,0.11158634517183023,0.05153121943799723,0.13681035655505172,0.15541780630951688,0.15194311027897464,0.1359134485809138,0.1539976368105821,0.14020075196165618,0.11076070174503184,0.1683482774501687
0.057488570570199335,0.09432512267255774,0.08262408647205874,0.17495450085409459,0.1378759440216383,0.0520833340818367,0.11109709071243355,0.12529846918365156,0.08374211208242979,0.09059199013467845,2.9095345556099147E-9,0.1191766555079157,0.04307581014608611,0.11828100055558727,1.3265417254717395E-53,2.163670199361579E-26
0.08381190241134673,0.17132219941958438,5.223204379531304E-11,0.1059766931194942,0.16435315779694756,6.201510047532614E-20,4.3077466506163107E-4,5.323732447122859E-12,0.058544965844332116,0.0984848588573947,2.735655466857671E-15,0.04494756946110397,0.08787900772666143,1.8707801152384107E-23,0.15784807301984594,0.029166681794168606
0.11671514109826422,0.031647256371882086,0.03388063567701574,0.1498674902393265,0.059988325697766104,2.8929462571724468E-8,0.02055549071519743,0.15325535987430006,0.1053516551403754,0.11744798015142537,0.08231549155669528,0.13549158159366942,0.10599765089069782,0.06469259143362696,7.180076544320063E-30,0.0
0.12538112545937208,8.767638993052756E-81,0.11538680164675985,0.09854937426042935,0.004910381824877403,0.1781800611401918,0.07563499629640999,0.10913808347466815,0.1006652123586098,0.11593732694279471,0.11475651745827709,0.13179760444153887,0.05031206934733315,0.12594289826726712,0.13957445935777307,4.620496625894813E-9
0.07769737162297213,5.471496836355321E-10,0.123777332733134,0.15951345257773117,0.11605031280737499,1.5751106026899028E-25,0.10589900380952431,0.12147349469459406,0.1715734423212962,0.1028468570781579,0.13838828507312967,0.15722697142074868,3.335624437504596E-26,1.490777327594536E-17,0.09131447875344971,0.07377752183075527
0.1267223491037316,0.14015585807990957,0.16463712065796177,2.8928883982800453E-91,0.1416024197027372,0.1401341599096485,0.10777742124861496,3.14540511513614E-11,0.04870667888960449,0.10422842094555529,0.07971508252815344,0.10632278128671567,0.1329842255160599,1.5276447689108583E-24,0.1040509588307334,1.1478085042405528E-120
1.1621830621386506E-5,0.12554821398095373,0.16617327704824295,0.1030441511003591,1.0923641779410508E-33,0.06034391027390387,0.06681295902317677,0.08939199948086854,0.09830638043728028,0.11069375714029141,0.1039916433354091,0.05498653873634487,0.0817979718321254,0.10584719452445326,0.15218795874623695,0.1534896336015044
