0.42770008141825855,0.3197081668867078,0.7365003587093165,0.38764033804338127,0.40463400633984337,0.04815116787564888,0.6326190786262138,0.16208484928035338,0.20839698846227417,0.06826286064002196,0.7206518087532526,0.13137858315990492,0.19478668101842034,0.7281382613377049,0.22871522891875928,0.6081671880558879
0.03416559305461986,0.4211385172848232,0.6170646877210795,0.9352438181117201,0.8423386318437787,0.15189201513772976,0.5868274289460021,0.41790471821047503,0.17978994895801625,0.4731040662934385,0.032611056444888376,0.5748213872238178,0.7648911656431489,0.7913746143406662,0.3182903009764081,0.8369768984559043
0.915637410696973,0.46698143075727383,0.252345482608055,0.20409559012419476,0.8096637017892048,0.7155935120188176,0.5424459346218239,0.4041297521771905,0.6337390737419855,0.05913802452549388,0.31854278310515494,0.7937479298563274,0.5816311140414748,0.9685511085329342,0.5295548504988846,0.5864040576125749
0.45317938558716087,0.39290145664388365,0.6408025730914018,0.9994480045558654,0.3076108261679421,0.07738253322613242,0.08766451784513596,0.5728717977792851,0.23057610187669242,0.9369280405354162,0.37550193091880035,0.22966833559059008,0.7870809416730209,0.27271244238140124,0.5567165434346124,0.621412120203261
0.15143176546088954,0.29555603853709544,0.06287755148614038,0.9325543989856527,0.23051045326481623,0.25326263018725703,0.5231739508861252,0.6030581943467956,0.32813803899937366,0.4481749933654374,0.26001845133086143,0.37138098166978384,0.03598296885004715,0.5767410759896611,0.6184497645665507,0.6384460752312673
0.0804141658496964,0.12464257631405928,0.1580505905393368,0.40812633053016467,0.8048952157563749,0.00904408301372761,0.014418011708567935,0.9708967897855579,0.8239607035944754,0.2737799237761308,0.42179475047508774,0.06469523816339418,0.14751133528742588,0.41380279493501004,0.4792885581108103,0.47066319400158907
0.7431098421982059,0.8319768546422507,0.7401785779160581,0.8813221086271485,0.07915456458637626,0.014304948271769757,0.10712692829278558,0.4148723331398322,0.6732536076090373,0.2489382158379878,0.8256845443823961,0.3416857356758338,0.0578171614511942,0.10982354185878607,0.0843005180219476,0.43769509893538305
0.8688311063344802,0.47760259208945766,0.8511145151790349,0.8842665313110232,0.9639703702430846,0.5783834974409501,0.106132089314952,0.7952740427073296,0.5826560745534292,0.3852646793352349,0.5619527886932265,0.26947778066778805,0.5733549492551052,0.747997418952495,0.30704226130428613,0.33994084774935673
0.6323661033603042,0.7929323567072987,0.5526081887126131,0.3221020112450036,0.32353418434236714,0.468401993906681,0.817461924325206,0.8482544763665116,0.37977455783453795,0.5999501215777614,0.4448170181499269,0.31856389603854185,0.42499025935807977,0.4653260476042428,0.3107959404368834,0.5973914725843321
0.798906747795725,0.7009196767249153,0.9564879114253164,0.5385707264313719,0.6175453345021454,0.30932157751857836,0.15371928870069562,0.33441956255512906,0.558501285981274,0.6519491776531575,0.0992697456918804,0.7506518222454166,0.12288861290849573,0.5811890840397927,0.023087085484784442,0.032985668609179064
0.2947580499458482,0.293262413408066,0.9931238940245668,0.651128235184147,0.5939905752145227,0.0660283833745432,0.10273964556839799,0.08194997816451643,0.5001140783002058,0.7851990787438977,0.03618231603414401,0.5260436436841904,0.1121857145928612,0.057946062321606595,0.22348363433553275,0.8004967438588267
0.703828437609117,0.7646373439295578,0.4181724039479535,0.6555882200880268,0.5327048700324877,0.10745108109508306,0.559530961119127,0.42425373178861137,0.8701574576211919,0.5788701110183093,0.21568990825579648,0.23054613718804762,0.7294387660208743,0.793569438045995,0.7446762926219689,0.9569508675592573
0.18990160211829743,0.8039660958120453,0.557601509163176,0.8002984876034751,0.5397134019287477,0.35270948441058314,0.5214946204087346,0.5321499895806,0.6911050377812686,0.5046470274878473,0.598857739552058,0.5219124842060906,0.45985924942647916,0.24630885509012201,0.286840111572607,0.17957647537844945
0.34468944403107515,0.9427122168763603,0.2909979821535651,0.7298483201754977,0.39235486398075203,0.999294476930688,0.14692753500985833,0.14058419587125426,0.5908030740880847,0.6910417332056421,0.1876286117112146,0.5958151305945762,0.9953267421006636,0.8913867769698932,0.34527729124017215,0.12728507747243156
0.4616663345371016,0.3602095222564061,0.7731553864409266,0.8983069200757898,0.43518605273364896,0.3332793062498588,0.17680567348221465,0.1698743618890901,0.7266953630273988,0.394737415169672,0.05305167365647523,0.1713499951865528,0.5931841564367698,0.009725236939569282,0.7513412314600378,0.9466830893468345
0.7356845063169746,0.6460217855358361,0.3939434425032524,0.751993190847412,0.02666759287782161,0.12156180680484863,0.21984873898995483,0.7414886790445391,0.8858293049501217,0.6789636326428229,0.8517924373056663,0.49607179617189856,0.23581410011451254,0.30870390799877956,0.3266419124949518,0.42261518472284454
