0.2724339047268741,0.18162730533363663,0.00952927024901534,0.2755141887354311,0.22413856573656973,0.004282417536565184,0.1869374982402157,0.02935242123874159,0.025074935107531907,0.06825136363153768,0.18453917030329178,0.1170618763433764,0.039885004950434594,0.25011872237938215,0.04507997330997316,0.21542739279224962
0.15395303122500567,0.2720467802928195,0.21797947932070535,0.11842549271766131,0.004835190143368849,0.034158888537292854,0.27282395731665465,0.21217052391720753,0.011326034259465568,0.29746417714995566,1.38643094862497E-4,0.22632900595089475,0.19672769309424923,0.13022808269228464,0.13184045988493287,0.09937870078366878
0.10289362661109291,0.29447091534445435,0.03352624170414629,0.04472440146456804,0.0014123354968965723,0.11227397635243364,0.30806816067490456,0.2731087766248429,0.24766855571469362,0.013132435359913356,0.06623303160047181,0.20834335113796681,0.28253112212038844,0.07180240460767935,0.2958841212595509,0.26457264282515913
0.3159031809144347,0.2255374320185889,0.20199074411945916,2.3024781649198288E-4,0.13441446360657272,0.0036741294209786824,0.008122757269590625,0.29631881629444123,0.12089656035312138,0.0023309407669373974,0.19198028129040332,0.1937206998125786,0.156873925133129,0.0748036385404755,0.3163265970796397,0.27831020976079845
0.003834969974672867,0.17934990366584816,0.1384527539604314,0.0014388615073928244,0.04494164376541173,0.1158503816420798,0.3023249309726007,0.23510564399926823,0.10593044830604335,0.30171502803409234,0.03522228504091573,0.1953478626894695,0.00340476899986269,0.28978682865286637,0.3090439911757494,0.22428299413338648
0.007590738075238977,0.08679922873615165,0.03396569944857815,0.30710994731590263,0.2127167175846846,0.001856183246774155,0.002421985375132288,1.168853686392611E-4,0.00792085774246156,0.035800444984365534,0.26747372451472684,0.0036472394065429916,0.03511409283785908,0.27132120296246187,0.32096945113886677,0.3086136195351912
0.16953714074627646,0.04117777835963231,0.003027694402588179,0.14627138355309582,0.08000828487050371,0.2556053435824493,0.03041922796821648,0.23192021312204883,0.23455493351674872,0.1929698695470149,0.03361537463630819,0.025740470491853056,0.01449244447596039,0.041487745214089426,6.074813062901586E-4,0.30504057592572614
0.009641904353057996,0.32215199590064914,0.00100546877964771,9.06484600330045E-5,0.027997739941378975,0.3148844178345119,0.06244755026804277,0.2540944653214419,0.274175191462099,0.23196878277965416,0.29616409298324503,0.14560134849148507,0.26741502085578445,0.1281075951639276,0.056666389733773234,0.30154085668812985
0.1912776974574819,0.166350993219156,0.2808556940013819,0.21182607670985756,0.17753314191215777,0.301419950994073,0.094760855229598,0.16163830386983336,0.2571531905216245,0.2377165693089491,0.22521117357679973,0.18856185848850474,0.2513756707329865,0.29951182549539634,0.08506688332024936,0.24923637196511386
0.025681506042782673,0.11610944844683317,0.18213917669859092,0.2909364482938816,0.2792372686849431,0.025831025056914963,0.07082966004451924,0.15086297099463847,0.3009158289573973,0.26857221579904883,0.014973796612880095,0.17965595808540832,0.04664268256175772,0.23840930427510656,3.1396618541068956E-4,8.256654163442324E-4
0.05572064259784472,0.1998277903433295,0.002833703799446817,0.22164836104828559,0.22201798514923782,0.017756287252716066,0.006464952338542351,0.004427340594895727,0.3164771835108511,0.1475695784632598,0.0012856707501711748,0.3361321445112841,0.16592136647844363,0.006930040970222993,0.13844159611046492,0.00350093356439274
0.12042491567960258,0.26614790947146777,0.30460008296537955,0.2133137806412033,0.3003411084823345,0.04815090207197799,0.31257191786937716,0.31029835144405205,0.10050993090402939,0.31429194668033394,0.1665218952242824,0.25269545257805054,0.0972262016618932,0.034166848044123496,0.01002940966641946,1.461387787055841E-6
0.1855353767814959,3.320120979712371E-4,0.28247533213154485,0.1167338345553323,0.30041813073410073,0.22980754672609904,0.32299545898863447,0.2667292869357567,0.1868796479284733,0.31288601595626897,0.28070179753437396,0.27351268026410713,0.31212377950449177,0.15415638685014055,0.19427563377598447,0.05319603485677935
0.2461276318626429,0.017059229990430736,0.15780003574785886,0.2526178120962897,0.22386436422165354,8.828610949271024E-5,0.08250598394489714,0.10794856028528715,0.3176543312729741,0.11203766553781236,0.2553792821360243,0.3196119343756656,0.004933408758082468,0.0011312689394263292,0.1123283651148542,0.012788104381302115
0.3069273646688916,0.23779770069376246,0.24092763010374316,5.672240076557706E-5,0.26406301117521497,0.18797855770316974,0.17002521752651362,0.019888566968157433,0.025559895958360446,0.24499102330511102,0.04363160361925626,0.035235868686213985,0.20025382521331492,5.546917572429167E-4,0.16834358938261093,3.236933102204198E-5
0.008350952700511461,0.16313752960924485,0.2542597634621392,0.09899792348012634,0.0033888654575924366,0.052543452696825636,0.2159140601946421,0.07064938459361945,0.06205839125693059,0.10567924571199536,0.0699350380959418,0.31660874963658975,0.08464656928015352,0.23470351043107876,0.25951952431345887,0.2521799570779145
