19.0,5.0,0.0,0.0,2.0,0.0,5.0,0.0,0.0,3.0,1.0,4.0,0.0,3.0,1.0,14.0
8.0,164.0,2.0,0.0,0.0,0.0,16.0,8.0,2.0,43.0,6.0,119.0,4.0,11.0,1.0,1.0
0.0,2.0,0.0,0.0,0.0,0.0,0.0,2.0,0.0,0.0,0.0,0.0,0.0,1.0,0.0,12.0
4.0,33.0,0.0,0.0,1.0,0.0,0.0,3.0,1.0,1.0,20.0,0.0,1.0,1.0,0.0,0.0
0.0,0.0,0.0,0.0,1.0,0.0,0.0,71.0,1.0,0.0,0.0,17.0,0.0,3.0,0.0,4.0
0.0,0.0,0.0,0.0,0.0,0.0,0.0,0.0,0.0,0.0,0.0,0.0,0.0,64.0,0.0,6.0
0.0,0.0,0.0,0.0,0.0,0.0,0.0,16.0,0.0,0.0,1.0,2.0,0.0,0.0,0.0,2.0
0.0,0.0,0.0,0.0,0.0,0.0,0.0,1.0,7.0,0.0,3.0,0.0,26.0,2.0,2.0,3.0
3.0,2.0,9.0,1.0,1.0,0.0,0.0,2.0,0.0,48.0,29.0,0.0,17.0,22.0,2.0,172.0
3.0,2.0,5.0,31.0,0.0,0.0,0.0,5.0,38.0,8.0,6.0,3.0,2.0,169.0,1.0,23.0
4.0,1.0,0.0,2.0,28.0,0.0,0.0,0.0,1.0,0.0,1.0,0.0,0.0,0.0,0.0,0.0
0.0,0.0,3.0,1.0,5.0,0.0,0.0,19.0,8.0,5.0,0.0,0.0,0.0,1.0,0.0,0.0
9.0,6.0,65.0,5.0,19.0,9.0,7.0,70.0,18.0,15.0,48.0,50.0,10.0,18.0,1.0,4.0
0.0,0.0,0.0,0.0,13.0,0.0,0.0,0.0,0.0,0.0,0.0,1.0,0.0,1.0,0.0,0.0
9.0,7.0,1.0,3.0,27.0,0.0,0.0,0.0,0.0,10.0,0.0,0.0,13.0,1.0,0.0,0.0
4.0,12.0,86.0,0.0,3.0,0.0,0.0,0.0,0.0,2.0,1.0,1.0,0.0,2.0,0.0,10.0
