4.0,28.0,1.0,0.0,16.0,1.0,12.0,1.0,1.0,9.0,12.0,3.0,1.0,19.0,14.0,31.0
23.0,29.0,25.0,12.0,1.0,3.0,1.0,19.0,1.0,1.0,1.0,34.0,21.0,1.0,8.0,16.0
17.0,3.0,2.0,5.0,1.0,9.0,0.0,7.0,4.0,3.0,15.0,25.0,2.0,19.0,0.0,7.0
0.0,43.0,13.0,1.0,9.0,2.0,1.0,4.0,22.0,1.0,33.0,1.0,15.0,3.0,0.0,5.0
1.0,7.0,21.0,1.0,1.0,15.0,0.0,26.0,4.0,0.0,1.0,22.0,1.0,1.0,0.0,3.0
2.0,1.0,1.0,0.0,7.0,1.0,1.0,1.0,1.0,1.0,1.0,1.0,0.0,0.0,0.0,1.0
18.0,5.0,1.0,4.0,15.0,1.0,5.0,15.0,2.0,3.0,18.0,1.0,1.0,1.0,1.0,1.0
4.0,0.0,1.0,1.0,1.0,2.0,12.0,0.0,2.0,29.0,1.0,13.0,0.0,10.0,19.0,0.0
20.0,2.0,4.0,6.0,6.0,0.0,8.0,1.0,11.0,5.0,67.0,19.0,32.0,3.0,4.0,13.0
2.0,4.0,8.0,0.0,7.0,2.0,39.0,25.0,2.0,4.0,1.0,5.0,1.0,5.0,1.0,1.0
8.0,16.0,1.0,6.0,42.0,1.0,1.0,1.0,0.0,7.0,1.0,0.0,19.0,3.0,11.0,3.0
15.0,0.0,0.0,8.0,2.0,1.0,1.0,16.0,12.0,1.0,4.0,13.0,8.0,3.0,1.0,1.0
10.0,1.0,1.0,2.0,0.0,11.0,0.0,7.0,11.0,0.0,5.0,17.0,0.0,7.0,3.0,1.0
3.0,3.0,33.0,6.0,5.0,1.0,26.0,16.0,0.0,14.0,2.0,0.0,2.0,2.0,5.0,10.0
4.0,23.0,8.0,1.0,6.0,22.0,15.0,1.0,3.0,18.0,7.0,14.0,68.0,1.0,12.0,2.0
2.0,15.0,15.0,4.0,1.0,12.0,2.0,9.0,19.0,5.0,19.0,1.0,26.0,2.0,1.0,13.0
