0.003904485540730891,0.003919290552718632,0.003872313203443528,0.003829249368380123,0.00382230976427885,0.0038206489494906812,0.0038564076075678928,0.0038996752517632396,0.003919474606481678,0.003954732349621034,0.003990449054685822,0.004016268826079639,0.004007149313865013,0.003998240465310398,0.003979667596004224,0.003987400289065896
0.00392114030042889,0.003936011456519508,0.0038896652441691897,0.0038466334200377168,0.0038396734575022635,0.003838534238525252,0.0038747236595032325,0.003918665910791849,0.003938442293817772,0.003973430200256479,0.004008908404176224,0.004034271917752865,0.004023762390170922,0.0040126431565522145,0.00399214972779047,0.003998266612271201
0.00386853500856989,0.00388336908158497,0.003841354123668953,0.0038018881016618268,0.003797679278906261,0.003798580707938376,0.003835786732010707,0.0038805726492094797,0.0039003648895210657,0.003934071040944452,0.003969361607376747,0.003993192438806254,0.003983639803419971,0.0039727533957918315,0.003951575347324952,0.003956684304521212
0.003831493046139532,0.0038467812042994455,0.003809479293581234,0.0037735089523280776,0.0037720856610975843,0.003774691070136323,0.003812954780437312,0.0038587403899419796,0.003878441553316548,0.0039106261068834365,0.0039449672957956785,0.003966529155792511,0.003957223690455487,0.003945361739073581,0.003922688671237584,0.003926782375961213
0.003790419855575453,0.0038062391907663076,0.003775321425184984,0.00374436436235836,0.0037468877948619757,0.00375214208188781,0.0037921896914643112,0.003839200973377935,0.0038591050477734933,0.003890589430569224,0.003924262746001018,0.003945173728365401,0.003936751337971105,0.003924676914103124,0.0039008551264587644,0.0039043389693013074
0.003755551904105775,0.0037714395559999836,0.003745524187052743,0.0037187202873602398,0.0037241796250112903,0.00373065979233915,0.003771532449459752,0.003819498660283412,0.003841625131073927,0.0038741864000270505,0.003908615263553891,0.003929673180183563,0.003923509083920474,0.003912131498554688,0.003887860436811706,0.003891149047568463
0.003760811687897258,0.0037768748219918886,0.003755127011987001,0.0037315018985853636,0.0037392051487446024,0.0037463544247231324,0.003787810576892606,0.003836370416508177,0.0038597113721466356,0.003892242094088052,0.003926002578217496,0.003945813181205041,0.003939750432834478,0.003926550926241388,0.0039007584722639305,0.0039035662077171866
0.0037965412146781967,0.0038134406341077,0.0037958579039129273,0.0037750901315843095,0.0037850040690174513,0.0037930616308424784,0.003835485655297707,0.0038849695605231277,0.0039106119970222656,0.003944148054558766,0.003978171438603629,0.0039978647780037424,0.003992475748083181,0.0039776466238190915,0.0039501914551551,0.003952468826786736
0.0038502578279084056,0.003867913751828336,0.003854665816085402,0.0038364618780731283,0.003848233110281841,0.0038564384306182266,0.0038991878567305903,0.0039490250161349875,0.003975681286121455,0.004009354685155856,0.00404346253554252,0.004062606572299972,0.004057213446050681,0.00404076900146436,0.004011494505124239,0.00401381669539568
0.003857626915598546,0.0038759654697171166,0.0038660145422776933,0.003849770291861565,0.003862095657233323,0.0038683782069326104,0.003909357176511586,0.003956758304603427,0.003980534932661466,0.004009767505925106,0.004039822828543137,0.004057432537883701,0.004050617854902734,0.004031601131463776,0.003999226661785432,0.003998989776251738
0.0038435421782990124,0.0038620189862453003,0.0038541287622525415,0.0038381446049564854,0.0038512598176860943,0.003855312998782404,0.003893718934638746,0.003938636931193719,0.003959447194631266,0.003985568309581909,0.004012194392369641,0.004028161128363444,0.004019036107080321,0.003995789392408987,0.003961778789355269,0.003959893524744307
0.0038423954013453968,0.003861016145238981,0.003855235763896249,0.0038389347033534996,0.0038524051213254186,0.0038557010060337126,0.003892859869754938,0.0039362274863347325,0.003954299372428214,0.003978336326137574,0.004002384172485144,0.00401700941047834,0.004005647162038371,0.00397841627781967,0.0039426499978576,0.003939438888199364
0.0038598331570748818,0.003879082085867682,0.0038751792532032325,0.003857804426204711,0.0038711812033025146,0.0038742442172203283,0.003910617590642271,0.003952762221876397,0.003969376300332979,0.003992774835796732,0.0040155779154339225,0.004029877951525124,0.004017084585852804,0.003986376087751208,0.003949096270384411,0.00394486082156151
0.003848405466088189,0.003868134492778623,0.0038650782925126106,0.003846454645047526,0.0038589718977889063,0.0038607807780112447,0.003895391511835052,0.003935538697084575,0.003951274701739971,0.003974189309540708,0.003996081971593676,0.0040104416912327846,0.003998245473104083,0.003966146260111768,0.003928684164801169,0.003924337309811903
0.0038619538196588126,0.003881914788087456,0.003878736728595434,0.0038589585008831574,0.00387100809639209,0.003872194519582836,0.0039055875062926526,0.0039451241952247335,0.003961488434597184,0.003985237215550015,0.004007813065061875,0.00402342893923158,0.004012401681204654,0.003978572698919756,0.003940392416894037,0.003935677781822046
0.0038609020877128997,0.0038814058744469212,0.003878716053880202,0.0038576439305368186,0.0038686164309053935,0.0038694505952417066,0.0039023097331222856,0.0039418917966424025,0.003958724842165177,0.003982575914792298,0.004005628378820771,0.004021589540244299,0.004010399126043801,0.003976024146459165,0.003937816320504117,0.003933493106229325
