0.0037698265224994135,0.0037892660879781954,0.0037747767793914907,0.003765316947686249,0.0037706708121836756,0.003779498368836458,0.003811527127051268,0.003845901242702479,0.0038620922892992435,0.0038820028714061368,0.003891418226070648,0.003907404926056004,0.003905254977062393,0.003917401049982867,0.003909851199045746,0.003915892697550413
0.0037951413807830576,0.0038151021839400666,0.003800922890216698,0.003791708975726623,0.003797416490611895,0.003806700442546297,0.0038393235442295897,0.00387432266705038,0.0038909007397646624,0.003911171190770203,0.003920787695533911,0.003936977803555947,0.003934798781831656,0.003946984215030915,0.003939214173979135,0.003945077333094383
0.003779331740014029,0.0037992609645591873,0.0037875426532317335,0.0037801337622895732,0.0037871904195320555,0.0037973251202298693,0.003830549962229338,0.0038662982357596373,0.003882842050181713,0.0039024973166172745,0.003912851551566576,0.003929245542013546,0.003929190361911796,0.003943186616643849,0.003936290114370496,0.0039426557786702175
0.0037734062281264643,0.003793251312024724,0.0037845502624563525,0.003779319974211064,0.003788026933382961,0.003799165071900477,0.0038331689090444535,0.0038701515768702604,0.003886955623928287,0.0039061779344464922,0.003917091579127692,0.003933405463363683,0.003934700783826707,0.003949773404226657,0.003942608977637586,0.003949338579622166
0.0037718591021328397,0.0037922967016024416,0.00378763743619887,0.0037853936572271847,0.0037964350652097897,0.0038090760680139224,0.0038443483215585992,0.0038828504897855535,0.0039005259721985206,0.0039197853326327,0.003931411351784085,0.003948289664665137,0.003951195484292687,0.003967548452766518,0.003959993344181922,0.003967305714616977
0.003771802557722891,0.003792695294726947,0.0037913367096445694,0.0037911577893882356,0.003803512613037247,0.0038164395292033205,0.0038517098176510905,0.0038914079834390524,0.003911218036511595,0.003931544717870572,0.0039447092063193065,0.003962758181523599,0.003967928284386908,0.003986082977847582,0.003978597515589226,0.003986782059222319
0.0037822821650140837,0.0038035941521278116,0.003805058413648847,0.003806343094250046,0.00381938991225677,0.0038318467159039436,0.003866378392665968,0.003906350440034768,0.003926970326816387,0.003946835154422586,0.003959661688896774,0.003977150986596957,0.003982352577367944,0.003999760239191821,0.003991369052529276,0.004000071793948161
0.0038171679165044997,0.00383900446778218,0.003843133632453781,0.0038456895077653625,0.003859292429965945,0.0038711020759273655,0.0039048485435163377,0.003945014029232153,0.003966835417669418,0.00398657674066274,0.003999276069474255,0.00401639172948926,0.0040216626373993924,0.0040384018029374575,0.0040288885609101235,0.004037916896386313
0.003856936738122135,0.003879225053904842,0.0038866289142754818,0.0038907895565267127,0.003905136938599316,0.003916255711787515,0.003949227122399536,0.003989428371662358,0.0040119131846759765,0.004031532755858644,0.004043849748497315,0.004060544366615828,0.004065478135030976,0.004082354434113683,0.004072088251951761,0.004081774083157325
0.003865929234160501,0.0038883234339159856,0.003898008531781156,0.0039034819162339696,0.0039178291017624035,0.003926979194607622,0.00395845870105336,0.003997488728569865,0.00401870909828093,0.004035677103475037,0.004045881644999574,0.00406139971839617,0.004064424002949551,0.004079582014873499,0.00406662562457747,0.004074249786570775
0.0038480927433898245,0.0038702216217046076,0.0038812412425755817,0.0038865558133967435,0.003901626271945932,0.003908936839977553,0.003938729942998304,0.003975948051288575,0.003994585549955231,0.004009196155119147,0.004016987526697057,0.00403051648683004,0.004030079901295743,0.00404137653439839,0.00402679145860392,0.0040330261069738025
0.003843772452218302,0.003865681539168554,0.00387786590172387,0.0038826073665353495,0.003897947202311175,0.0039034759273042377,0.003931664361077527,0.003967041943417294,0.003982712426586135,0.0039955764526603986,0.004001336612876907,0.004013153170256491,0.0040097831826471095,0.0040176903009360295,0.004001639552028275,0.004006675930493219
0.003845553238012677,0.003867166729028989,0.003880177184419404,0.0038838297838560084,0.003898844959444426,0.0039031482728077715,0.003930235900920105,0.003964339496465574,0.0039783087000014395,0.003990495234929985,0.0039952975502865855,0.004006356423960404,0.004000648983303086,0.004005671923511041,0.003988351227782696,0.003992394617284367
0.003802545329940518,0.003823291968606682,0.00383586639775467,0.003838297164684682,0.003852296717353399,0.003854648775702004,0.0038796715678865086,0.00391194176920637,0.003924947712675839,0.003936526241016746,0.0039408963506038,0.003951734893828425,0.003945318291569561,0.0039493555074434404,0.00393192985611446,0.0039356976407599895
0.003786691897989857,0.003806656056163222,0.003818782780624495,0.0038197854504750882,0.0038326415924194697,0.0038332410940925734,0.0038565455584333966,0.003887361653114528,0.0038996149040620622,0.003910822085192835,0.003914900009700772,0.003925694063239566,0.003918604115496079,0.003921735431325518,0.00390410603930868,0.003907657761665658
0.0037786693480714047,0.003798703942904527,0.0038110829276644252,0.0038108891209862245,0.003822729034389495,0.0038226805061198897,0.0038453539506593647,0.003875682417819102,0.003887827437710284,0.0038991424504840207,0.0039035462355048287,0.0039148306974917104,0.00390720254968877,0.003909896451840804,0.0038922287176847733,0.0038957690995505673
