0.5277032148477475,0.48041407476067843
0.5276207418653143,0.48025408733339714
0.5278505691001469,0.4801909917746541
0.5278505691001478,0.48019099177465685
0.527703214847748,0.4804140747606823
0.5279147564244873,0.48029211587990456
0.5278505691001469,0.48019099177465524
0.5277032148477477,0.4804140747606829
0.5277681250505964,0.4800309268962407
0.5277032148477488,0.4804140747606833
0.5276207418653125,0.4802540873333978
0.5277032148477497,0.48041407476068315
0.5277032148477505,0.4804140747606839
0.5278505691001454,0.48019099177465446
0.5276207418653144,0.4802540873333971
0.5279147564244874,0.4802921158799031
0.5277681250505916,0.4800309268962389
0.5277681250505938,0.4800309268962397
0.5279147564244875,0.48029211587990567
0.5277681250505932,0.4800309268962399
0.5278505691001457,0.4801909917746567
0.5279147564244887,0.480292115879904
0.5277681250505948,0.4800309268962398
0.5277032148477485,0.48041407476068154
0.5277032148477498,0.4804140747606815
