0.5277028678117245,0.48041372664408083
0.5276201753628106,0.4802540361519556
0.5278514970419254,0.48018925477166124
0.5278502725957229,0.48019059820394655
0.5277028013341801,0.4804137980488675
0.5279154583627199,0.48029066290722916
0.527851869999404,0.4801888455768955
0.5277014507265555,0.4804152487803442
0.5277716252435414,0.4800260588747883
0.527702263149083,0.48041437612676935
0.5276208182541221,0.4802532847581839
0.5277032598252333,0.48041330557666906
0.5277020165943855,0.4804146409591052
0.5278506413382806,0.48019019362601484
0.5276199960443612,0.4802542457359278
0.5279146002191761,0.48029155462942913
0.527769430463094,0.48002866508204756
0.5277694701832197,0.4800286179153602
0.5279131453461957,0.4802930664574334
0.5277681546723447,0.4800301800674458
0.5278501689362777,0.4801907119377
0.5279153642973232,0.48029076065277937
0.5277683324290097,0.4800299689819371
0.5277041315678964,0.48041236923571723
0.5277037652443959,0.4804127627029279
