0.5277028843081494,0.4804157084113889
0.5276204106180055,0.4802557220521683
0.5278502370989501,0.4801926269049893
0.527850237098952,0.4801926269049889
0.5277028843081497,0.4804157084113891
0.5279144250775494,0.48029375024131893
0.527850237098951,0.4801926269049887
0.5277028843081483,0.4804157084113876
0.5277677923203147,0.48003256324355154
0.5277028843081464,0.480415708411387
0.5276204106180094,0.4802557220521702
0.5277028843081477,0.480415708411388
0.5277028843081502,0.48041570841138953
0.5278502370989506,0.4801926269049914
0.5276204106180062,0.4802557220521689
0.5279144250775492,0.480293750241319
0.5277677923203168,0.4800325632435546
0.5277677923203185,0.4800325632435543
0.5279144250775487,0.4802937502413183
0.5277677923203162,0.4800325632435535
0.5278502370989514,0.4801926269049911
0.5279144250775488,0.480293750241318
0.5277677923203168,0.48003256324355276
0.5277028843081474,0.48041570841138714
0.5277028843081465,0.4804157084113853
