0.5277031551382214,0.48041445354547574
0.5276206820030149,0.4802544663507233
0.5278505090800698,0.48019137086180774
0.5278505090800706,0.48019137086180863
0.5277031551382222,0.4804144535454745
0.5279146965420264,0.4802924948022618
0.5278505090800698,0.48019137086180735
0.527703155138219,0.48041445354547285
0.5277680648722984,0.48003130624809603
0.5277031551382187,0.48041445354547285
0.5276206820030153,0.4802544663507242
0.5277031551382197,0.4804144535454754
0.5277031551382219,0.48041445354547463
0.5278505090800721,0.48019137086180824
0.5276206820030158,0.480254466350725
0.5279146965420279,0.48029249480226227
0.5277680648722993,0.48003130624809714
0.5277680648722958,0.4800313062480957
0.5279146965420273,0.48029249480226066
0.5277680648723,0.4800313062480974
0.5278505090800719,0.48019137086180863
0.5279146965420284,0.4802924948022615
0.5277680648723004,0.4800313062480987
0.5277031551382185,0.48041445354547246
0.5277031551382186,0.480414453545472
