0.527703265531385,0.4804137350446994
0.5276207926849498,0.4802537474113285
0.5278506200558893,0.48019065179570614
0.527850620055371,0.4801906517962718
0.5277032655313604,0.48041373504472684
0.5279148072615472,0.4802917760441109
0.5278506200560459,0.4801906517955333
0.5277032655308401,0.4804137350452829
0.5277681761485229,0.48003058668131304
0.5277032655311543,0.4804137350449488
0.527620792685203,0.48025374741103016
0.5277032655315378,0.4804137350445396
0.5277032655310588,0.48041373504505147
0.5278506200555265,0.480190651796101
0.5276207926848783,0.4802537474114095
0.527914807261196,0.4802917760444764
0.5277681761475672,0.4800305866824467
0.5277681761475819,0.48003058668242576
0.5279148072605983,0.48029177604509754
0.5277681761470083,0.4800305866831065
0.5278506200553255,0.48019065179631765
0.5279148072615081,0.4802917760441507
0.5277681761470858,0.48003058668301457
0.5277032655318726,0.4804137350441793
0.5277032655317304,0.48041373504433027
