0.5277031861446576,0.48041426000536797
0.5276207130877094,0.48025427269138804
0.527850540246305,0.480191177165759
0.5278505402463032,0.48019117716576004
0.5277031861446558,0.48041426000536686
0.5279147276371935,0.48029230119115573
0.5278505402463062,0.4801911771657613
0.5277031861446569,0.48041426000536774
0.5277680961195601,0.4800311124163042
0.5277031861446576,0.4804142600053682
0.5276207130877092,0.48025427269138793
0.527703186144656,0.48041426000536724
0.5277031861446563,0.4804142600053686
0.5278505402463044,0.48019117716576015
0.5276207130877106,0.48025427269138854
0.5279147276371946,0.4802923011911572
0.5277680961195619,0.4800311124163057
0.5277680961195601,0.4800311124163051
0.5279147276371944,0.48029230119115773
0.5277680961195613,0.48003111241630475
0.5278505402463027,0.4801911771657586
0.5279147276371933,0.4802923011911554
0.5277680961195603,0.4800311124163037
0.527703186144655,0.48041426000536686
0.5277031861446593,0.4804142600053708
