0.5277033075388303,0.48041344106650974
0.5276208346676814,0.4802534534501264
0.5278506631046929,0.4801903567131209
0.5278506623094895,0.4801903575856003
0.5277033074976428,0.48041344111075523
0.5279148500591919,0.48029148126972765
0.5278506633469066,0.4801903564473725
0.5277033066607648,0.4804134420096476
0.5277682210247013,0.4800302893253843
0.5277033071641652,0.4804134414689407
0.527620835072078,0.4802534529774771
0.5277033077817328,0.4804134408056076
0.527703307011394,0.4804134416330365
0.5278506625489686,0.4801903573228542
0.5276208345548836,0.48025345358195803
0.5279148495093055,0.48029148184113624
0.5277682195759361,0.48003029104578293
0.527768219602158,0.48003029101465067
0.5279148485770333,0.48029148280988665
0.5277682187337919,0.4800302920458317
0.5278506622421684,0.4801903576594631
0.5279148499989192,0.48029148133236427
0.527768218851126,0.4800302919064948
0.5277033083218877,0.4804134402254238
0.5277033080949025,0.480413440469228
