0.5276600265956887,0.4803796672368149
0.527354727108017,0.4805302190503198
0.5280605749646469,0.4802025707375373
0.527904595951299,0.48026972712278926
0.5277276487902381,0.48048833074509784
0.5282588114149541,0.4797680765267267
0.5279964107362916,0.4801011321031004
0.5274178388845571,0.4807485533564418
0.5276255664739543,0.4796178993260054
0.5277288410137473,0.4805216371051883
0.5276096096630912,0.4802329199184251
0.5275741384069521,0.48064491328851844
0.5277159712172427,0.48051510521569984
0.5278403262822923,0.48016873252294606
0.527348209602731,0.48053783700994795
0.5278784690426713,0.48024980133372325
0.5280624376662898,0.47976227837268903
0.5279162752986291,0.4799377764102674
0.5277459341459514,0.4804489212451369
0.5277559255413748,0.4800110140644588
0.5279004171711335,0.48027406642350673
0.527908438571546,0.4802181548408207
0.5277394419384288,0.47999244094532
0.5278355572086355,0.48033833397378645
0.5276876823663734,0.4803614875273535
