0.5280217515144306,0.4803331750124836
0.5266146088272095,0.4796533626136644
0.528317921478239,0.4799322551841328
0.5283778778298347,0.4793214097824872
0.5287753260579257,0.4797927726477643
0.5333486716170137,0.4719425097813474
0.5280786929571052,0.4807472424037521
0.5236025913762523,0.4847543238599187
0.5286229757166374,0.4755622527406046
0.5250582791400676,0.48719170553156976
0.5276122455008343,0.47981743408097893
0.5272720172892178,0.48211142168308496
0.5275896246201298,0.48380536360059584
0.527724306421707,0.4799549325376212
0.5247654057360611,0.479104964361032
0.5284473251530063,0.48013005971979433
0.5348851010682882,0.4727378481557339
0.5273288306177035,0.48135290762235716
0.5270841464715547,0.48095154865200657
0.5278736678167179,0.4800544017880899
0.5279046815664872,0.48071490545688905
0.5279134722606957,0.4821907550759571
0.5274098685151111,0.47865104332306124
0.5281133078063139,0.4817881930352173
0.5279540907562316,0.4802385876032866
