0.5277031218342148,0.48041465299137676
0.5276206486177094,0.48025466592065746
0.5278504756085846,0.48019157047214117
0.5278504756085864,0.4801915704721421
0.527703121834216,0.4804146529913761
0.5279146631455558,0.48029269432331906
0.5278504756085864,0.4801915704721423
0.5277031218342134,0.48041465299137714
0.5277680313166971,0.4800315059996854
0.5277031218342148,0.48041465299137676
0.5276206486177087,0.48025466592065735
0.5277031218342152,0.48041465299137626
0.5277031218342129,0.48041465299137515
0.5278504756085842,0.48019157047214117
0.5276206486177069,0.4802546659206564
0.5279146631455548,0.48029269432331995
0.5277680313166968,0.480031505999684
0.5277680313166966,0.48003150599968464
0.5279146631455536,0.48029269432331956
0.5277680313166964,0.48003150599968364
0.5278504756085863,0.48019157047214156
0.5279146631455542,0.48029269432331984
0.5277680313166988,0.48003150599968614
0.5277031218342149,0.4804146529913763
0.5277031218342148,0.4804146529913764
