0.527702926343967,0.480415583542143
0.5276204527208022,0.4802555970861382
0.5278502792707366,0.4801925018856931
0.5278502792707335,0.4801925018856909
0.5277029263439682,0.4804155835421442
0.5279144671903008,0.4802936252891396
0.5278502792707334,0.4801925018856927
0.5277029263439703,0.48041558354214575
0.5277678345602045,0.48003243811387364
0.5277029263439684,0.4804155835421442
0.527620452720805,0.4802555970861403
0.5277029263439699,0.48041558354214337
0.5277029263439688,0.4804155835421442
0.527850279270735,0.48019250188569235
0.5276204527208023,0.48025559708613813
0.5279144671903033,0.4802936252891405
0.5277678345602024,0.48003243811387086
0.5277678345602034,0.4800324381138733
0.5279144671903027,0.48029362528914155
0.5277678345602029,0.4800324381138725
0.5278502792707377,0.4801925018856948
0.5279144671903025,0.48029362528914027
0.5277678345602038,0.4800324381138733
0.527702926343967,0.4804155835421416
0.5277029263439675,0.48041558354214364
