0.5277032412861532,0.4804138994381496
0.5276207683740095,0.48025391190421934
0.527850595679463,0.4801908163157737
0.5278505956794498,0.48019081631578725
0.5277032412861521,0.4804138994381499
0.5279147829420667,0.48029194049537344
0.5278505956794667,0.480190816315769
0.5277032412861383,0.48041389943816337
0.5277681517027899,0.4800307513159792
0.527703241286147,0.4804138994381555
0.5276207683740184,0.48025391190421535
0.5277032412861561,0.4804138994381452
0.5277032412861427,0.48041389943815677
0.5278505956794528,0.48019081631578187
0.5276207683740123,0.4802539119042262
0.5279147829420565,0.48029194049538243
0.5277681517027654,0.48003075131600625
0.5277681517027668,0.48003075131600753
0.527914782942042,0.48029194049539586
0.5277681517027503,0.48003075131602446
0.5278505956794481,0.48019081631578714
0.5279147829420645,0.4802919404953742
0.5277681517027533,0.4800307513160205
0.527703241286163,0.48041389943813456
0.527703241286161,0.4804138994381401
