0.5277028432122349,0.4804157914954227
0.5276203694668717,0.4802558052123016
0.527850195895274,0.48019271011633063
0.5278501958952738,0.4801927101163316
0.527702843212236,0.48041579149542496
0.5279143839175094,0.48029383340425025
0.5278501958952728,0.48019271011633013
0.5277028432122354,0.4804157914954227
0.5277677510610822,0.480032646541699
0.5277028432122373,0.4804157914954228
0.527620369466873,0.48025580521230293
0.5277028432122365,0.4804157914954229
0.5277028432122347,0.4804157914954228
0.5278501958952733,0.4801927101163309
0.5276203694668725,0.48025580521230193
0.5279143839175097,0.4802938334042498
0.5277677510610794,0.48003264654169747
0.5277677510610825,0.4800326465417002
0.5279143839175108,0.48029383340425014
0.5277677510610813,0.48003264654169986
0.5278501958952749,0.4801927101163304
0.5279143839175104,0.4802938334042511
0.5277677510610828,0.4800326465416999
0.5277028432122349,0.48041579149542285
0.5277028432122353,0.480415791495423
