0.5277030862970611,0.48041485503925624
0.5276206129971762,0.48025486809576207
0.527850439898333,0.48019177269129215
0.5278504398983335,0.48019177269129226
0.5277030862970576,0.48041485503925424
0.5279146275133212,0.4802928964500601
0.5278504398983312,0.4801917726912907
0.5277030862970586,0.4804148550392539
0.5277679955202651,0.4800317083637728
0.5277030862970596,0.48041485503925574
0.5276206129971772,0.48025486809576245
0.5277030862970595,0.4804148550392535
0.5277030862970589,0.48041485503925563
0.5278504398983331,0.48019177269129126
0.5276206129971781,0.4802548680957641
0.527914627513322,0.4802928964500615
0.5277679955202669,0.48003170836377596
0.527767995520264,0.48003170836377324
0.5279146275133223,0.48029289645006235
0.5277679955202665,0.480031708363775
0.5278504398983339,0.48019177269129354
0.5279146275133212,0.480292896450064
0.5277679955202657,0.4800317083637733
0.5277030862970619,0.4804148550392572
0.5277030862970611,0.48041485503925546
