0.5277030091880466,0.48041524827705856
0.5276205357206252,0.48025526158831966
0.5278503624389492,0.4801921662816911
0.5278503624389511,0.48019216628169176
0.5277030091880468,0.4804152482770601
0.5279145502127399,0.4802932898539158
0.5278503624389509,0.4801921662816929
0.5277030091880479,0.4804152482770591
0.5277679178881154,0.48003210224451004
0.5277030091880459,0.4804152482770596
0.527620535720624,0.48025526158831694
0.5277030091880468,0.4804152482770593
0.5277030091880474,0.4804152482770586
0.5278503624389529,0.48019216628169387
0.5276205357206255,0.48025526158831744
0.5279145502127421,0.48029328985391595
0.5277679178881174,0.4800321022445123
0.5277679178881178,0.48003210224451254
0.5279145502127429,0.4802932898539177
0.5277679178881161,0.48003210224451315
0.527850362438954,0.4801921662816943
0.52791455021274,0.48029328985391545
0.527767917888114,0.48003210224451165
0.5277030091880487,0.4804152482770614
0.527703009188045,0.480415248277058
