0.5277028045456011,0.48041582231814284
0.5276203307608472,0.4802558360838193
0.5278501571579567,0.48019274103514087
0.527850157157955,0.48019274103513965
0.5277028045455991,0.4804158223181413
0.5279143452032948,0.48029386429932647
0.5278501571579561,0.48019274103513815
0.5277028045455991,0.4804158223181426
0.5277677122850085,0.48003267751622347
0.5277028045455999,0.4804158223181401
0.5276203307608465,0.48025583608381933
0.5277028045456019,0.48041582231814295
0.5277028045456021,0.480415822318143
0.5278501571579571,0.48019274103514004
0.5276203307608447,0.48025583608381894
0.5279143452032896,0.48029386429932375
0.5277677122850094,0.48003267751622575
0.5277677122850082,0.4800326775162252
0.5279143452032924,0.48029386429932497
0.5277677122850095,0.4800326775162239
0.5278501571579535,0.4801927410351375
0.5279143452032928,0.48029386429932464
0.5277677122850055,0.4800326775162228
0.5277028045456019,0.4804158223181438
0.5277028045456024,0.48041582231814295
