0.5277033141572666,0.48041332426077504
0.5276208358991092,0.480253344003661
0.5278507011426603,0.48019020571179166
0.5278506699387533,0.48019023994803983
0.5277033125024866,0.48041332603819104
0.5279148823380563,0.4802913374160874
0.5278507106471183,0.480190195283711
0.5277032788826335,0.4804133621496061
0.5277683236759788,0.4800300597735607
0.5277032991057936,0.48041334042770767
0.5276208520231456,0.48025332515844965
0.5277033239153889,0.4804133137794889
0.5277032929684574,0.4804133470198783
0.5278506793358404,0.4801902296377604
0.5276208314017052,0.48025334926006796
0.5279148606151787,0.4802913599890124
0.5277682672872243,0.4800301267349598
0.5277682683077242,0.48003012552311813
0.527914823786666,0.48029139825869527
0.5277682345091508,0.4800301656588012
0.52785066729708,0.4801902428464268
0.527914879956907,0.48029133989041717
0.5277682390761467,0.48003016023550843
0.5277033456150223,0.48041329047172104
0.5277033364964175,0.4804133002660951
