0.5277032876718394,0.480413582103702
0.5276208148830203,0.48025359438283755
0.5278506423367324,0.48019049871708247
0.5278506423164686,0.48019049873931713
0.5277032876708122,0.48041358210480195
0.5279148294865442,0.48029162303324524
0.5278506423429052,0.4801904987103109
0.5277032876499818,0.48041358212717933
0.5277681985355935,0.4800304334457127
0.5277032876625121,0.4804135821137192
0.5276208148931616,0.4802535943709822
0.5277032876778847,0.4804135820972069
0.5277032876587093,0.48041358211780477
0.5278506423225711,0.48019049873262165
0.5276208148801905,0.48025359438614285
0.5279148294726227,0.48029162304770956
0.5277681984983718,0.4800304334899158
0.5277681984990455,0.48003043348911373
0.5279148294490245,0.48029162307223283
0.5277681984767354,0.4800304335156089
0.5278506423147515,0.4801904987411971
0.5279148294850177,0.4802916230348315
0.5277681984797483,0.4800304335120257
0.5277032876913303,0.4804135820827644
0.5277032876856821,0.4804135820888338
