0.5277030486678755,0.48041505532172646
0.527620575283813,0.48025506850649685
0.5278504020933527,0.480191973149479
0.5278504020933509,0.4801919731494774
0.5277030486678749,0.48041505532172607
0.5279145897879456,0.48029309681445764
0.5278504020933544,0.4801919731494804
0.5277030486678755,0.4804150553217259
0.5277679576283971,0.48003190896812437
0.527703048667875,0.4804150553217251
0.5276205752838127,0.48025506850649524
0.5277030486678755,0.4804150553217273
0.5277030486678759,0.48041505532172546
0.5278504020933549,0.4801919731494795
0.527620575283812,0.48025506850649446
0.5279145897879435,0.4802930968144549
0.5277679576283963,0.4800319089681244
0.5277679576283958,0.4800319089681224
0.5279145897879444,0.48029309681445703
0.5277679576283966,0.4800319089681225
0.5278504020933532,0.48019197314947765
0.5279145897879464,0.4802930968144592
0.5277679576283972,0.4800319089681227
0.5277030486678763,0.48041505532172546
0.5277030486678742,0.48041505532172535
