0.5277029682307801,0.48041542706182033
0.5276204946828382,0.4802554404942607
0.5278503213133707,0.48019234524018956
0.5278503213133701,0.4801923452401894
0.5277029682307806,0.48041542706182144
0.5279145091632871,0.480293468723893
0.5278503213133712,0.4801923452401921
0.5277029682307813,0.4804154270618221
0.527767876679811,0.4800322813411671
0.5277029682307786,0.48041542706181806
0.5276204946828355,0.48025544049425944
0.5277029682307794,0.4804154270618206
0.5277029682307784,0.4804154270618187
0.5278503213133713,0.4801923452401908
0.5276204946828361,0.48025544049425894
0.5279145091632872,0.48029346872389267
0.5277678766798104,0.4800322813411683
0.5277678766798122,0.4800322813411689
0.5279145091632871,0.480293468723893
0.5277678766798106,0.480032281341167
0.5278503213133716,0.48019234524019166
0.527914509163287,0.48029346872389295
0.5277678766798117,0.48003228134116765
0.5277029682307784,0.48041542706182033
0.5277029682307792,0.4804154270618199
