0.4748848461504649,0.4325477897024144
0.44053970341524534,0.5291393265014424
0.42188165451375614,0.5191472932146803
0.5917006336712912,0.41037187493051464
0.5780376363202002,0.4451293088014181
0.8038873060463075,0.3151210713285503
0.534268754907017,0.4254284477575531
0.5062069996552526,0.6526386365064125
0.6973305213846107,0.19706145801069994
0.49857974059727705,0.44161688861125425
0.5550317247552615,0.7179178592031455
0.539633037644474,0.7136695728355348
0.44710041184904364,0.7237594311995562
0.5023327709242353,0.5576368549719969
0.3130831372007498,0.5055807240008973
0.28512407422961344,0.5436975324388678
0.4264376734476107,0.4670512595424605
0.4826748006793268,0.5110629802454747
0.6565580047806041,0.27990485069593124
0.647045846189678,0.447763857638052
0.5502752924528611,0.40059381426029794
0.5438187220869296,0.7044443375864891
0.550366165637418,0.5583964146271203
0.6021568767321607,0.7024598871918357
0.5893801287630894,0.467825767782541
