0.48775552034368147,0.33813388482782814
0.43938848754267334,0.5298750492926753
0.42782052026879724,0.5207815709245708
0.5542018591038207,0.4377499700011933
0.7335533634586542,0.4018226155743614
0.7956554831771859,0.32672264046041133
0.5061316728281307,0.44305536328277645
0.4668305652265566,0.6360728341385277
0.6973050643539193,0.2015061861801158
0.47962279475115976,0.45082717284512047
0.5419514988727433,0.7500753761048147
0.5422467887708624,0.7152949600802472
0.4463133141515584,0.7583946976231333
0.4976544185274531,0.5428983888259388
0.2192709287719199,0.5294291893880151
0.2898698925642378,0.5420107218974591
0.4246955318683898,0.4601100548454776
0.4961009851028084,0.5479420153715265
0.6802251436065629,0.25717962630946345
0.6680461573530072,0.43242106625209337
0.5354664496503146,0.41245287357270927
0.5393330129013283,0.6767794163349921
0.5470413533018484,0.5520611029262151
0.5836371015708286,0.7018677326305945
0.5573994478351163,0.4897266100156441
