0.48764168160884824,0.3381102538859362
0.43976955651913213,0.5300741671731147
0.4278081465983338,0.5207761579188757
0.5542131149434404,0.43771887489926004
0.7329708649096972,0.40217422670897357
0.7957209889984678,0.3267435078989162
0.5066979697446251,0.44251378225179355
0.466852948220497,0.6365946015900125
0.6972598616221687,0.20149727526196193
0.4796205929510226,0.4508284937846108
0.5421469410045056,0.7503032172515041
0.5421731635487917,0.7147727865328679
0.44646499272377554,0.7582574246070929
0.49747309200927725,0.5427446931243568
0.21928478743664095,0.529420352473212
0.289748239948235,0.5417739473875107
0.4246194135076449,0.46008002434041867
0.49638622806521904,0.5481532478630781
0.6803459464684907,0.25727050700427917
0.6678833115331514,0.4323422474206082
0.5353592764860372,0.41250142180135785
0.5392608788036963,0.6767438866511281
0.547293985690202,0.5523276365812178
0.5835312038242854,0.7014416209829589
0.557269398216844,0.48970030998951275
