0.4862403219736736,0.3424466262663183
0.44179075314603017,0.5310049206960675
0.42737870084413254,0.5205996515442063
0.5556528412753616,0.43334497096199426
0.6997500695889928,0.4034371169598639
0.7971737528597409,0.3254457586951789
0.5608761715669573,0.42458777886785287
0.464746876506887,0.6608139662602984
0.6965281163816547,0.19930292195401692
0.4880179996243481,0.4472454539312156
0.5437382899081957,0.7550836179620333
0.5411469933869094,0.7130197814954002
0.4493908888392464,0.7558891289243764
0.48406128226461514,0.532003842856527
0.21948604694818502,0.5279539667193317
0.29271387815416644,0.5419268141359453
0.4144455669074171,0.46916513069634264
0.49543756338537426,0.5453744377582558
0.6787326699467638,0.25821097812761434
0.6628979357787371,0.43365662725652865
0.5157699945957889,0.42135273382164423
0.5404949203327939,0.6727457762688778
0.5543050197297741,0.5580730689152537
0.5861130847369508,0.7083201153700963
0.5629596450585369,0.492164174479763
