0.48108714034053424,0.39097200077208355
0.43487909420322457,0.5270131944098182
0.42454580274529635,0.5182124549153251
0.5648934363774853,0.41106325032093693
0.6533591032759007,0.41234559154577266
0.7956562124598615,0.3270300050754275
0.5603766793527829,0.41496161158003647
0.46939016322627075,0.6811756068183196
0.6976133865926191,0.196862676232835
0.48550970947695604,0.4489755952247988
0.5499384896530595,0.7603946134067583
0.5393460820053879,0.7131524851469804
0.4503126646413545,0.7579073811843606
0.5099242855193936,0.5294872802154148
0.2479372573338804,0.5230288877070097
0.2862997468359803,0.5403512321823207
0.42364901824207674,0.46888689827993174
0.5010060914551288,0.5277448528904712
0.6625552372998905,0.26977998610117354
0.6580345076870058,0.4545329511946633
0.5226964880872355,0.4133250631781716
0.5489430337216038,0.7000574609494045
0.5451483196808883,0.5469060979231793
0.5840475929331926,0.7130481329329998
0.5777252786306065,0.47342875293509457
