0.5436961579544182,0.47177270828736806
0.4633644921234197,0.5419715554185128
0.18219549651055678,0.4650546690017016
0.5698692422011611,0.38941543544431967
0.5284416015316065,0.45039681372236184
0.8126109065223573,0.4498864020513486
0.5246111731256285,0.44081034582337664
0.8226855386171792,0.8202028364615894
0.7908358146893106,0.11795349937034458
0.20306667596773362,0.567030650013756
0.5499455176650109,0.4451035451609804
0.6502859725771235,0.8614623626242782
0.5208594408461926,0.8256856786420994
0.6509004822046784,0.5468933313505854
0.1260604917923817,0.9128201028445503
0.4728710407767644,0.47275137170588455
0.1903604663210817,0.5099293293931251
0.5092675535548883,0.4807001291234181
0.60033044746507,0.3755006309210558
0.37213435644427745,0.39539965539432287
0.154423891089624,0.571319669968885
0.4275944076220071,0.5011408654250898
0.5602500078722314,0.5289619106797739
0.5591166444903076,0.5323617952566158
0.616027870206103,0.8345603899353332
