0.4877932031440956,0.33812745538567585
0.4394329429523057,0.5298947999679409
0.4278127274900701,0.5207787578971985
0.5542074783943592,0.43775483424937894
0.7335009708639263,0.4019557350120202
0.7956118288901495,0.32671889062628995
0.5061140321228675,0.44306001849099896
0.4668232203839131,0.6362087607800905
0.697321923335074,0.20150888741532677
0.479627162004589,0.45082464296492203
0.5418933614086701,0.7500237207959767
0.5423007114172311,0.715469173233987
0.4462727786737366,0.7584319362232386
0.497668344117229,0.5428993416142497
0.21927501509752206,0.5294244912226974
0.28985498407771726,0.5419806040389823
0.42475329434518055,0.46013487155203
0.496080830508068,0.5479533702603447
0.6801620640178978,0.2571184876427936
0.6681291421787849,0.43246135603681446
0.5354912526677755,0.4124420730840434
0.5393062517268356,0.676729431685761
0.5470180527071266,0.5520462931684579
0.5836685852946615,0.7020262886264911
0.5574325185262836,0.48972353117151457
