0.4865363180772953,0.34328905238938534
0.4416376935716532,0.5309068075645407
0.42712697020860885,0.5204863030719562
0.5510291438231311,0.43376384286353653
0.7104269541785236,0.4085024944353549
0.7974171811618953,0.32653576103903104
0.5287991158645684,0.4322981408925621
0.4667450178843867,0.6519678059047278
0.6965609751343693,0.200326864612702
0.48180047433080925,0.4497158886511209
0.5429541768100281,0.7540610084258884
0.5403995041397303,0.7112271710665342
0.4474080062375358,0.7568888928306348
0.48403390554545833,0.5319508083430945
0.21946489817117634,0.5286726897480667
0.2928407861544338,0.5418654530184698
0.41670646732957095,0.46733709132656653
0.4975699174952424,0.5484942350332654
0.6791919593011148,0.2590398336618451
0.667834362316947,0.43309917107014784
0.5468040896097747,0.40666942817908713
0.53957836343933,0.6739669228511266
0.5538728351579774,0.5589590448980281
0.5847978000642151,0.7055790591104844
0.5577187366325719,0.4901177600070782
