0.48783781806858406,0.3381177911267612
0.43950480811749654,0.5299280157687866
0.42780114007306413,0.5207740176304049
0.5542068121696648,0.43777089156665533
0.7334203610761382,0.4021279829996022
0.7955590856458381,0.3267128667896958
0.5061301204214016,0.44303610244170255
0.4668203240860078,0.6364762009876814
0.6973314021507726,0.2015097203879059
0.4796309349789895,0.45082244999102816
0.5418345939040209,0.7499727234222033
0.5423688886705033,0.7156589420566339
0.44622380016442686,0.7584797725556051
0.49766215904627775,0.5428846564946539
0.2192796824239142,0.5294195072810468
0.2898316743459537,0.5419338180534601
0.4248120252748372,0.46016717902809917
0.4960653903771086,0.5479893496674705
0.6801006368638445,0.25705289670860737
0.6681893926154617,0.4324877032020386
0.5355104627137841,0.41243386792314835
0.5392589986891897,0.6766733045064155
0.5470149971092875,0.5520525402441127
0.583698704562939,0.70220121854655
0.5574557142848131,0.48970986410128603
