0.48626324306688395,0.3491596091019043
0.44035480228473994,0.5299842754860926
0.4275376019772962,0.5206493532263679
0.5599370665276178,0.42382056743501534
0.6949607900599699,0.40544129361135806
0.7927361723113029,0.3255217513453846
0.5849531643502786,0.41072265704175087
0.4629352377433928,0.657863721874667
0.6978127872222781,0.19788592011322725
0.47044377612514016,0.4565305204850702
0.5448902126476456,0.7558320741749202
0.5465098749831481,0.7220120379197735
0.4500488200572851,0.75536797250817
0.48534249665262197,0.5329335577706374
0.21962656152774385,0.527770530578782
0.29154411637680183,0.5436009039085081
0.41370748432499693,0.4683462617821042
0.49353174076712486,0.5442390952100234
0.6850710152042312,0.26437268756083476
0.6550355905158164,0.43715861868594497
0.519591207881013,0.42067555369465104
0.540677650102195,0.669458749875236
0.5528008850563764,0.5572027765632259
0.585994913914078,0.7110199953552324
0.5674591312797609,0.4882255792771431
