0.4854365905497395,0.35891080024212174
0.4365787355522468,0.5279844203775913
0.42510091159965235,0.5194827327727473
0.5570040640749184,0.420427136497106
0.6925691613055374,0.40828596894580976
0.7913498195606119,0.32374426081339813
0.5809349392763692,0.4123209820466802
0.46713738019926726,0.6683259093496752
0.6982769852510188,0.19738948879570656
0.4698334006506487,0.45688361734738747
0.5482023089745489,0.7600746670615481
0.5468816923514985,0.7235160489801356
0.4495452311042837,0.7547754503994869
0.48885468687033845,0.5288971010155958
0.2207999656753422,0.5287942159633084
0.290633445147079,0.5446434319500467
0.44585772331455825,0.45769813234828344
0.4910855739572145,0.5427358223137185
0.6749350227377006,0.2729006664658499
0.6578027927410679,0.4386862509691918
0.4768595698981793,0.4366346315877203
0.5438137691798409,0.6630612239181173
0.5469742860580465,0.5502716319237893
0.5880478941697084,0.7130701310503867
0.5649161145154352,0.4840400996433311
