0.47673324912573284,0.41490988340300033
0.4498555210902222,0.533636189874414
0.4218177487909877,0.5178150043121035
0.5846335564405416,0.41169437649330604
0.5814490388990733,0.4372978182791075
0.7995931700044233,0.31812868611387457
0.5484232088200567,0.41954396577787456
0.4946152610578874,0.6790744404076178
0.6966433043874347,0.1974031478469437
0.49394456975511436,0.44421433399785254
0.5344715954809068,0.7352319243018397
0.5353548327894456,0.7145767454671139
0.45058938992048203,0.7492599107117198
0.5206078370167673,0.5398164881561766
0.30177495585178454,0.5077889148631373
0.2737762563689321,0.5370140862284394
0.4224651015296631,0.46893052843782684
0.47497443995974037,0.5145408246917444
0.6600201006862784,0.2762840277856137
0.652334741034306,0.4505109448074242
0.5361137432126523,0.4071863618307758
0.5769386073918059,0.7612350307554033
0.5408926423449728,0.5460343378873769
0.5911206120902679,0.705045568107439
0.5843121588785165,0.47586845506713416
