0.4867284693091542,0.5048640271244429
0.4289528447423131,0.5214534660155913
0.37434564178273155,0.5245965954878504
0.6467344019224853,0.3905152492394731
0.5054820912269319,0.4511152001424513
0.8187457207510764,0.31348696418202565
0.48976219773196783,0.4385316095589674
0.5773166232673962,0.5836852209687373
0.6754538781184473,0.20968866891871266
0.5270924392992647,0.4296347357608893
0.5458113827040545,0.7004795484545617
0.6309758692533177,0.7687044119600714
0.5249519161755627,0.8322658821112903
0.5250312492116049,0.5567185989379837
0.20420784429890018,0.5351129220547719
0.3925497366060421,0.5191558150380539
0.4767099505422475,0.44924295103073425
0.4584697646762729,0.5269571240736648
0.7009725602027637,0.3008080166889318
0.588007831548054,0.4432130010752088
0.3725379920864711,0.45902633897410783
0.4236835319714882,0.5419645261368012
0.5407098192631145,0.5982071264528078
0.5534867569409027,0.6250727292020015
0.5964650441112799,0.6791258119202718
