0.472691021191422,0.4889971242124645
0.4466787172317075,0.5241706888301355
0.41812461401721845,0.5279193531210665
0.6460093636969784,0.40179369668746656
0.5588888332407905,0.4366304780827125
0.8081149521020856,0.29429134999555245
0.4919619523976224,0.44061373762578615
0.5451789377281824,0.6034499069930975
0.6976914156699194,0.1970109614336318
0.4844714512894855,0.44754732235740735
0.5224534712497974,0.7195808115952664
0.5494879520406353,0.7026929233787482
0.43081741998758216,0.6975099149654145
0.4844915661884081,0.5537159804982987
0.2980584946990146,0.5030666558764355
0.3313393743609871,0.5392727093687197
0.47113920981988333,0.4409988443695397
0.4759273112626638,0.5221799483846703
0.69390029878684,0.29235642714919274
0.6217689424737541,0.45084349173222477
0.31207473008566616,0.5115799024706473
0.42552730211528383,0.5459427183185094
0.5711352747638763,0.5954617146943143
0.6252931204940141,0.6151157638668499
0.6132349511044397,0.5742032250290422
