0.4877213429775174,0.3381334477574959
0.4394293443911359,0.5298984591949393
0.42782163735164014,0.5207814331222718
0.5541983211059698,0.43774758284178356
0.733498619547893,0.4017950830533007
0.795692826422466,0.3267283173120644
0.506232611473132,0.4429736755963346
0.46684236156167924,0.6361149985491963
0.6972840850434119,0.20150243665957043
0.47961820408725203,0.45082982688269957
0.5420199784466707,0.7501451584344886
0.542199924535933,0.7150933931403392
0.44635064426886495,0.7583626865474761
0.4975930387822808,0.542852700860673
0.21927160031753445,0.5294290365740674
0.28985697575640806,0.541987122840255
0.4246433550983305,0.46009343539927533
0.4961593406140413,0.5479817243620062
0.68028538092527,0.2572317737352815
0.6679555507687741,0.432375711863116
0.535427006331993,0.4124702679565934
0.5393274385688666,0.6768118051251029
0.5471182156902334,0.552132814559323
0.583603849097036,0.7017164212465804
0.5573573197809508,0.48971950419112614
