0.4864625087887441,0.3402623440813699
0.4422162483873768,0.5313468451206509
0.42780647677854905,0.5207787335930615
0.554038903152189,0.4362266555998273
0.721745709796746,0.40625364587990426
0.7957708041745241,0.3264440753451148
0.5182309414833688,0.43650500969982475
0.46526520427719337,0.6416563492000593
0.6971604006347011,0.20144619885905385
0.4796376047145045,0.450818829659451
0.5425999551232764,0.7533388660106033
0.5422560219460686,0.7165835814729568
0.4477672846061645,0.7571620787946242
0.4918980987273331,0.5367773245166299
0.21922105246071322,0.5299844331219579
0.2914034250082409,0.5411225447791996
0.42184284956077595,0.46127841300062017
0.4976043139326636,0.5490304704717243
0.6799244701289164,0.25856314867911356
0.6677511968831008,0.43222172705514883
0.5359465348844417,0.4122544102044657
0.540710506417037,0.6780271044549874
0.5515552777823525,0.5567797974363834
0.5830480354213663,0.6990506458230195
0.5575480925007446,0.4893390112830395
