0.4716151046093685,0.4660285908589869
0.45343342917107016,0.5331069195848536
0.40667016551667823,0.5164097678353786
0.6239943108626445,0.4031044931115082
0.5780891567034405,0.44851567316583885
0.8098578935093357,0.31121977140364676
0.5183154933770189,0.4330955401252508
0.4933856998900229,0.6133069308566871
0.6959418533797216,0.19832802541434894
0.48983528503800733,0.4437584352582178
0.5679608189503064,0.7103009939570468
0.5329715985929455,0.6916779317330508
0.44978687477712626,0.6918125554227286
0.49396527215937536,0.5761381498853968
0.3233051577857312,0.49929207643061246
0.29835146752851543,0.5477222854586102
0.46190532970590886,0.450130918239984
0.4751375421236335,0.5156614178578824
0.6617156943178916,0.29089232977260365
0.6352934574581652,0.44743981041782666
0.48097301754963123,0.4263377543364964
0.48300554091597064,0.6204660060283713
0.5570610746357422,0.5693341323328988
0.633177904569237,0.6462513790383881
0.5958562646033209,0.46504621403541113
