0.48630340787406345,0.3388962782680681
0.44161607900984007,0.5310319908153485
0.4278026586084632,0.5207768868547311
0.5541048107043652,0.4368065380030569
0.7292308218349838,0.4046641062167571
0.7957192923062001,0.32675736852507803
0.5120829740409075,0.43854973978990325
0.4668313855093963,0.6387113559284094
0.6972318994017731,0.20148667156117012
0.47961701508835086,0.45083056085074774
0.5424789304635246,0.7507374049334616
0.5422236667828024,0.7148768587264175
0.44784535245774043,0.756898542616014
0.49639729202237626,0.5420079571714443
0.2193174709139043,0.5293716533941062
0.289882806173217,0.5407814681206932
0.4222735000084682,0.4610960800359188
0.49736227258316884,0.5489106089752734
0.6806420359683301,0.2577498526567806
0.6678212278927922,0.4323111122501853
0.5359440590293446,0.412252713094328
0.5390633018646048,0.6765368573113603
0.5479522771067767,0.5533108866075414
0.5831178767901275,0.6996040055805163
0.557231403172695,0.48979995169490026
