0.4878883810454916,0.3381072751030921
0.4395815530702235,0.5299631982712658
0.42778687562818835,0.520767618640642
0.5541932790829766,0.4378034002185335
0.7333363237640668,0.4023145532089524
0.7954963870734905,0.32670269554824205
0.5061694622918735,0.44299343626462107
0.4668223984023255,0.6368681776494037
0.6973300995454882,0.20150811966791676
0.4796338788785771,0.45082072923549094
0.5417754725736896,0.7499203053638213
0.5424557968250513,0.7158790432915862
0.44616806986091173,0.75853725007778
0.4976478308960197,0.5428680478645015
0.21928300692615707,0.5294165013128416
0.2898073955923566,0.541883936713865
0.4248690142690963,0.46020638041290945
0.4960429570593441,0.5480423164016741
0.6800478149735282,0.2569878359458911
0.6682133204919743,0.43249264105919694
0.5355265221041638,0.41242733263098114
0.5391951210414346,0.6766136318319691
0.5470190331920153,0.5520658186239108
0.5837235015809464,0.7023851526650574
0.5574637343321476,0.48968455817414897
