0.4828580305950185,0.36844531561614935
0.4341562716529916,0.5269459340133567
0.4242075814957078,0.5188948780268462
0.5657722308682782,0.4143154126667873
0.6809582637917991,0.40470356823475173
0.7937062321884184,0.3247445542653054
0.5639167700032146,0.4181194550011866
0.47375970212471263,0.7130704351294946
0.6981868710708038,0.19703786103199789
0.4752985838402852,0.45463814476934217
0.5499677015363175,0.7605820694647477
0.5487947968141671,0.7245771082013711
0.4503847725087486,0.7551550530891714
0.4951653914207625,0.5219277263581922
0.23211514836426034,0.5298526777106002
0.2906600540264839,0.544565301969
0.4368581437316974,0.46109380887217816
0.48923382829404344,0.5384420639538224
0.6622222739433048,0.2746644848695196
0.6533568482826848,0.4482962849492492
0.500043820116473,0.4257782777452282
0.5365225285182725,0.655533180125836
0.5401686091022513,0.5435954910120693
0.5882377828048453,0.7130486751890925
0.5705548965538252,0.47394402675715974
