0.07772630363848336,0.18181311966574035
0.08806420440188249,0.4283820297114725
0.08489443303623566,0.5706293790984673
0.08201455521339983,0.7746778834643311
0.11163467459821812,0.9424894651919938
0.2831220848640281,0.08989573608164443
0.37799451656972766,0.20881865096611843
0.3651451999010614,0.5470978842312922
0.3657697987012385,0.7493758471814616
0.3518059200676018,0.967611803999576
0.5460414112082954,0.1314101116725819
0.45021464180785825,0.3705036625502217
0.5712214785733445,0.4716810691171821
0.5455351176919863,0.6481678029504799
0.6200659861472317,0.9689678712348861
0.7271191962950578,0.13718143252859685
0.688608729883625,0.331490909001732
0.7296132691466499,0.5533286977423413
0.7307571375706126,0.7594482617531673
0.8228495335217807,0.9688472028952108
0.8818078154325621,0.15722718448202533
0.9568667163504438,0.34552879678302345
0.9542606370427547,0.5216222277246338
0.9566634572016502,0.713054913865945
0.9621705416641568,0.9013468516033437
