0.07778359121432091,0.18142072084417543
0.08803983749282365,0.42928493650333066
0.0848491020041809,0.5723461673736754
0.08199295944481254,0.776270354042924
0.11095306525348132,0.9434468726855493
0.2816622988558313,0.08896348166460076
0.38137099965906945,0.20558415079219372
0.3651506024628254,0.5471024064247558
0.3655580300093803,0.7497235893803309
0.3504037641810859,0.9680210057268925
0.5475960606428869,0.13053020942612412
0.45072671231400524,0.3711823626481272
0.5711995155778569,0.47176330183024306
0.5455359114904472,0.648168970757674
0.6197680086225504,0.9691899722273974
0.7225808170277692,0.13682299921767535
0.6885076722780215,0.3316656355931889
0.729591802518357,0.5533085713842382
0.7305909681117917,0.7595930858973163
0.8222452873328302,0.9689278637036747
0.8545112412924392,0.14693026202652318
0.9567920920055486,0.3340880692981737
0.954351601930402,0.5206113541905995
0.9566687735492141,0.7137184410021112
0.961643508759911,0.9023305750715248
