0.07514058696382961,0.13538049348197295
0.08248954728937215,0.3041392681455747
0.08648715502522711,0.5106474857401284
0.08273249857207549,0.7572905739826585
0.10718304095946374,0.93947280337776
0.28210062484343107,0.08981062938266904
0.3837369458654721,0.20987581981889966
0.36502833593203443,0.5471960769446474
0.3661609598145851,0.7489609263849492
0.3441751838047433,0.9676491511079585
0.5441617779089049,0.13069787890548631
0.4574273505944002,0.3811510883547169
0.5752042335055596,0.47271867744881463
0.5455380609825994,0.6481350178320133
0.6086276273126253,0.9702614763671821
0.714922308880454,0.13324042294179617
0.6904213791186543,0.32828350436392906
0.7296861590924362,0.5533970460305169
0.7301793760331278,0.7597462192685006
0.808184138460928,0.9686073550301583
0.8443481698133816,0.14398516223516572
0.9567098446817077,0.3294663694146737
0.9543790995094072,0.5191804168765602
0.9566398798651102,0.7119436976049728
0.9573844905324518,0.9038836090640895
