0.0753116555781935,0.13704335128458442
0.08282854066530275,0.30994910576469514
0.08638470956895637,0.5138292276324112
0.08267205369112787,0.7584245097843941
0.10915659276450233,0.9402622853348725
0.28135624190219943,0.08896110380508121
0.38260825271505733,0.20766858618715758
0.3651419115007562,0.5470955928165078
0.3660423582243639,0.7490427814611375
0.3486246057753537,0.967509538976222
0.5444607093085941,0.13053014312341682
0.4532246729403194,0.3744506971862749
0.5721726508879157,0.47204654399715856
0.5455397239288154,0.648145044027619
0.6175668415106798,0.9696381250607147
0.716028020550375,0.13529396082263997
0.6888913722938073,0.3309445046950923
0.7296022565231104,0.5533162898041618
0.7303663788908584,0.7597796975008813
0.8188308229896327,0.9689789554972633
0.8411381815283275,0.14394465626621228
0.9567100310349848,0.32912557223390093
0.9543740338682503,0.5192092230478405
0.9566158909401623,0.7116912908735946
0.9600801052693781,0.9018895466116371
