0.0752429834160729,0.13641643497952322
0.08271091385501478,0.3078447185286249
0.08642350150162033,0.5127538796135909
0.08268949712759044,0.7580959927027994
0.10858484000922923,0.9400351913805541
0.28157697185605585,0.089205862512988
0.38293356549885227,0.20839665933592247
0.3651294204362872,0.5471065966071974
0.36609418659556786,0.748990382176543
0.34755569768527905,0.967510636430546
0.5443835168596836,0.13056605009791447
0.45427512670439685,0.37597939631779476
0.5728591054865335,0.4722493147580266
0.5455390127524528,0.6481429708981155
0.6155478444777677,0.9698955805489269
0.7157489596332621,0.13482431035766992
0.6891773333161804,0.33043489271897075
0.7296221450960007,0.55333522840962
0.7302772284899137,0.7598372239150052
0.8162725754381636,0.9688783861862972
0.8419362455574215,0.14408954107222777
0.9567109462380988,0.32926617279805404
0.9543747718320317,0.5192054227125825
0.95662154630676,0.7117367843729673
0.9594195568161209,0.9023570995347601
