0.07786244180532272,0.17709771155552195
0.08722335593478552,0.4144305382558311
0.08509308126085614,0.5528306250148219
0.0823527878178961,0.7655968335684248
0.11288602404877617,0.9424490284279204
0.28029378159623614,0.08789860688252371
0.38171504558530467,0.20363245958512516
0.36515147092266054,0.5470907811629548
0.36546792296027253,0.7497708217160649
0.35401433909766833,0.9679521885800644
0.5457782797508004,0.13037988664144576
0.4503050194497876,0.3706552343087721
0.5709248494124963,0.4715382964101093
0.5455402732922349,0.6481523168792321
0.6199001795844964,0.9691899433757398
0.7177814953117756,0.13651116185477932
0.6884785662359215,0.33169211898448514
0.7295755864479004,0.5532916055318435
0.7305869039038235,0.7595774008971848
0.8217823762083816,0.9689979589619154
0.8402038038833142,0.14298464857042015
0.9567039382505074,0.3285128991719608
0.954383318503093,0.5192992464835507
0.9566207618101578,0.7120980240154847
0.9611815116331398,0.9014899089191887
