0.07779308593003052,0.1813254878123479
0.0880343309865141,0.42901371394224347
0.08485711046268934,0.5721220576994829
0.0819938925900606,0.7762104608805852
0.1113670995575494,0.9435353623383386
0.28139991497703254,0.08875694381207043
0.3815436912308118,0.2051565344831073
0.3651510622563295,0.5471011974589775
0.36552614576637266,0.7497584595554613
0.3510408054984366,0.9680301476561709
0.5472507016396106,0.13047671176841702
0.4506965789550458,0.3711458280121832
0.5711513974815694,0.4717462371424597
0.5455365273779267,0.6481670838565411
0.6197830207689593,0.9692054288103803
0.7214992506713906,0.13676419827823408
0.6884808486850303,0.33171424217493556
0.729586708434456,0.553303599126737
0.7305792651668975,0.7596006895362966
0.82213183279586,0.9689444166133419
0.8507402026034908,0.145804130424208
0.9567701077013185,0.3326469791172686
0.9543617814432626,0.5203698123251405
0.956661005514634,0.7135157885957982
0.9615342576958209,0.9022601575707082
