0.07772741989658136,0.18175441543595502
0.08806007132310849,0.4285645154485001
0.08488659126184786,0.5709628121721056
0.08200978638203572,0.7749958266612467
0.11116279925540437,0.9425819255469307
0.28287711162651674,0.0897487881707575
0.3787172630470812,0.20818478812184263
0.3651459774882851,0.5470982798553077
0.36577758937494753,0.7493790384122404
0.3510093450903405,0.9676568888727876
0.5467317265496553,0.13121650541997223
0.4503031249411553,0.37062318327547705
0.5712387215247997,0.4716883326727717
0.5455354661269649,0.6481674025999469
0.6200016902344052,0.9689913077018398
0.7267432963794465,0.13709994975483633
0.6886185753194686,0.33146494104616286
0.7296128630483861,0.5533282625634495
0.7307391221789867,0.7594642442085237
0.8227983241790424,0.9688535309385636
0.877882237688501,0.15562444005464737
0.956870709172088,0.34386855568091085
0.9542717130480982,0.521507693434607
0.9566671078866631,0.7131832836826834
0.9621295881242303,0.9014988830854002
