0.07773171176796512,0.18190073417246455
0.08807049849601518,0.42812824981843134
0.08490509663574611,0.5701506531962836
0.08202157779213601,0.7742243624351365
0.11252079771283473,0.9424212461617285
0.28346952883263493,0.09012052097705396
0.37696339467877854,0.2097053527384484
0.36514427979484704,0.5470978304436578
0.36571680176262816,0.74942765869307
0.35328863721819753,0.967583417742687
0.5450396317302406,0.13168925607647217
0.45006631344198794,0.3703059660916733
0.5711869656895293,0.47166006623293466
0.5455342515102307,0.6481692140694748
0.620155833037263,0.9689462261717834
0.7276623214427892,0.13735282617175626
0.6885993849270593,0.331520657912783
0.7296134516482101,0.553328974680449
0.7307744983576487,0.7594331193536157
0.8228889250542907,0.9688433328813566
0.8872984937983305,0.159257102319027
0.9568508966471226,0.3475170231934682
0.9542501979547671,0.5217136362669247
0.9566571857149904,0.712865380262764
0.9621975355424827,0.9011479577680505
