0.07779839412397425,0.1812409122481226
0.08802913300962639,0.4286787002567682
0.0848677544557997,0.5718078386263337
0.0819956843336322,0.7760998169050061
0.11173052554704585,0.9435766383300053
0.2811637709080434,0.08857374073849904
0.3816595562594252,0.2047672330547689
0.365151301618195,0.5470995380052334
0.3655090509222363,0.7497709312364083
0.3516138898995418,0.9680220414068509
0.5470054811032172,0.1304363693090634
0.4506322078699588,0.37106618603945996
0.5711056426914158,0.4717149244213413
0.5455371940697661,0.6481647238219457
0.6198032080959178,0.9692093768432978
0.7206929931150166,0.1367175954350419
0.6884737521064924,0.3317244006387249
0.7295834922731562,0.5533003287049223
0.7305759294719486,0.7596008423025072
0.8220494536490619,0.9689567595626035
0.8480879219610832,0.14502602801339234
0.95675314225809,0.33160155986590273
0.9543684895368997,0.5201510972714894
0.9566534995287155,0.7132746345949226
0.9614529407159498,0.9021430417181462
