0.0777776292120543,0.18146056678106215
0.08804202107162445,0.429341743583702
0.08484804617630255,0.5723698769582626
0.08199308949895129,0.7762569227257616
0.11078286063487715,0.9433851705915887
0.2817723344680449,0.08905025091573489
0.3812703438522526,0.20576237288558363
0.3651503067030555,0.5471025646060383
0.36557912407179505,0.7496964623427141
0.35015040720475465,0.9680055173495637
0.5477675854610877,0.1305581988108946
0.45071718149002327,0.37116974665568725
0.5712177105385833,0.47176188398110885
0.5455357298411576,0.6481693772779017
0.6197673975530084,0.9691772697171723
0.7231226404335622,0.13685143805744385
0.6885274625753556,0.33162843620354293
0.7295946507738209,0.5533112797092976
0.7306004172684754,0.7595856914343175
0.822304027610183,0.9689195227460108
0.8565157073161692,0.14754310582373
0.9568027237003708,0.3348420166156673
0.9543458201910886,0.5207119911244954
0.9566715527427618,0.7137635887266905
0.9616986328404622,0.9023240644101445
