0.07786843258123276,0.17535964731082523
0.08690429027326138,0.4108927557746647
0.08513223111005705,0.5508812724089557
0.08237544769891397,0.7647681346112922
0.11285314849749187,0.9423319332605655
0.28023684516092173,0.08786664932099642
0.3816900223855997,0.20362261234614162
0.36515145949500327,0.5470905265071322
0.3654737148623958,0.7497619952453483
0.35401313679478497,0.9679449674109234
0.5457120692973904,0.13038408970183818
0.4502997257781068,0.37064806668985417
0.5709208981311473,0.47153447871785875
0.5455403673788596,0.6481519631406721
0.6199004807429048,0.9691885920053543
0.7176888631678985,0.1365027643347393
0.6884768144342234,0.3316946336655617
0.7295753857844679,0.5532913826479384
0.7305876917156049,0.7595762596251452
0.8217755739212657,0.9689990384835317
0.8400217811459434,0.14295340299574458
0.9567031588909989,0.3284539855324709
0.9543833928063911,0.5192800789830494
0.9566198078946756,0.7120647277889924
0.9611744018897045,0.9014706769661701
