0.07778924236950588,0.18137064653715568
0.08803699370485099,0.42916075273058124
0.08485258558127966,0.5722509393364699
0.08199327648569392,0.7762506440488648
0.11117132669857277,0.9435011978785962
0.2815247905757082,0.08885487631061544
0.38146967043763946,0.20536095564498774
0.3651508775393093,0.5471018847798113
0.3655388309524499,0.749745865219999
0.3507368604716665,0.9680293421715184
0.5474027595346126,0.1305005981959932
0.4507182574602246,0.3711724389976902
0.5711748066129554,0.47175733137743336
0.5455362113217663,0.6481681072884455
0.6197743348558765,0.9692000898869442
0.721981193001568,0.13679081653857242
0.688490437001215,0.33169735267497785
0.7295888732694473,0.5533057370573083
0.730583368247042,0.7595984252967704
0.8221819025123817,0.9689370418217949
0.8523885724114993,0.14629325115888073
0.956780046710759,0.3332824852544264
0.9543574309116267,0.520484789686991
0.9566648173856087,0.713624243071158
0.9615829024165826,0.9023047347793345
