0.0752207398467281,0.1338171960328011
0.0819498108139494,0.2965072233486923
0.08654368255039725,0.5036464746760035
0.08300118364986461,0.7521766089300631
0.10192050180519,0.9366023023063039
0.2866933419765976,0.09468288236733398
0.3889463740469866,0.22406706010793828
0.36432932514189814,0.5470538245297825
0.37583175784015543,0.7339394880333316
0.31547204349224556,0.9678813787005293
0.5392450792440424,0.12995427739185486
0.4993178488125237,0.3834875578128313
0.5653268254509514,0.46739762787736594
0.5465086589009359,0.6483516360169628
0.5595410922959458,0.9702680795874082
0.712106799074298,0.1230191635159445
0.7044863754573569,0.2853554692060208
0.7298471932529564,0.5534573405478665
0.7291296560422419,0.7566762359694537
0.7727939339334312,0.967310354739746
0.85318113201286,0.13613180498157576
0.956648436940577,0.3269676184127578
0.9544497772881633,0.5186724212874126
0.9568068061753249,0.7142820396741963
0.9460988181603371,0.9129001072308413
