0.07778698643699643,0.18139252656590504
0.0880382506994708,0.4292209517857274
0.08485082440463754,0.5722998605753692
0.0819930835359813,0.7762631792484621
0.11107592657946644,0.9434800327212971
0.2815849389865665,0.08890231583111131
0.3814292914167748,0.205458813142022
0.3651507681263962,0.5471021493365177
0.3655464093038193,0.749737439590516
0.35059038204455834,0.9680268925682268
0.5474838347778835,0.13051301260081483
0.45072430790686724,0.3711797403007256
0.5711857980556699,0.47176087014893564
0.5455360724266053,0.6481685252578113
0.619771016396572,0.969196320254131
0.7222334286137375,0.1368044639081842
0.6884970114429925,0.33168537484922883
0.7295900748843639,0.5533069068507916
0.7305862142818271,0.7595965314800893
0.8222083966177454,0.9689331833051436
0.8532709709468773,0.14655690915592196
0.9567851566775605,0.33361880542894323
0.9543550410836498,0.5205401748440519
0.9566665911632621,0.7136694817988054
0.96160837309356,0.9023197297897342
