0.07774161405026736,0.18162724761161578
0.08805151291737348,0.4290003427086732
0.0848669210118249,0.5717217369184111
0.08200008937013695,0.7756931272065402
0.11052675265853656,0.9429029182481851
0.2823350527156909,0.08943588859676024
0.3802048162767093,0.20684877678105737
0.36514797844565083,0.5471001294243175
0.36572427387805406,0.7494804004992252
0.3498875732071909,0.9678113613207744
0.5479246345763477,0.13082791046881134
0.4504944558620931,0.37088056039499423
0.5712564459914112,0.4717074637199613
0.545535690102737,0.6481679657455434
0.6198626022809124,0.9690672917415575
0.7256415638915313,0.13698656867351797
0.6886229411756196,0.33144707133569723
0.7296088621974951,0.5533244846631477
0.7306820116115915,0.7595150760234798
0.8226210798100604,0.9688766250091867
0.8685682678206189,0.15175924641800304
0.9568546711565302,0.3396834508917921
0.9543046649391589,0.5211658269298812
0.9566735552355986,0.7135045230827122
0.9619805855883914,0.9019004923887031
