0.07780437653595854,0.1811236789461305
0.08802169286788318,0.4281230325973057
0.0848853243770426,0.5712594778446316
0.08199939425801636,0.7758960447893671
0.1122455485668482,0.9436090238730064
0.2808440502377796,0.08832604764331241
0.38177788371377414,0.20424477434750093
0.3651514800341038,0.547096695176214
0.3654907271851746,0.7497776099510461
0.35243929810128316,0.9680013529955798
0.5466872816245538,0.13039054387114413
0.4505141391889946,0.3709194476670708
0.5710396681676075,0.4716561046709893
0.545538226151057,0.6481607428497274
0.6198358781631458,0.969207052260617
0.7196758505350785,0.13665362324266264
0.6884777139951669,0.3317105371973318
0.7295801690502189,0.5532967809436421
0.7305767964574778,0.759595699367857
0.8219486499542912,0.9689721370777372
0.8449645173959143,0.1441361950498495
0.9567322919512418,0.33034172799373696
0.9543757838514343,0.5198399525230674
0.9566424575346163,0.7128859469790884
0.9613517132067219,0.9019353230466951
