0.09564340889542271,0.12929974860482946
0.0813487456492394,0.2868615808522225
0.08627999449622571,0.49414510698717884
0.08341815708334338,0.7367736157167931
0.09944023653815606,0.9239735862157438
0.3209842888425264,0.12235567722171883
0.3996354269136466,0.23947689894199325
0.39596308770970057,0.5316356680445496
0.3822603772726756,0.6552490384046752
0.28424991218187046,0.9522610043062224
0.5229561622084778,0.13353942669431584
0.5038102517528359,0.30677669189866286
0.5325512668422311,0.4871908509194956
0.5268546649834567,0.6258771919679598
0.5118304680552257,0.9617293076493965
0.702433128129165,0.12946479040257178
0.6899598769534775,0.263451841251752
0.6663932533319852,0.5129536828031266
0.6956747840492676,0.6489591899079196
0.7233560866672192,0.9376890876516182
0.8364161154699583,0.13534479740483593
0.9294135911942922,0.29870911172089354
0.9378579850279449,0.5154492965724692
0.9255235878995796,0.7105952934476815
0.9216767385355298,0.9168005430875658
