0.07776020844887213,0.18154333659894464
0.0880464924127461,0.4292789379548911
0.08485328242600298,0.5721901021503263
0.08199513870387251,0.7760851250608429
0.11050510585165188,0.9431793702808811
0.2820198110565579,0.08923552323459172
0.380915034057185,0.20618754115388777
0.3651493536404338,0.5471018470848462
0.3656459286489865,0.7496017297867904
0.349769462545376,0.9679322859737248
0.5480794067321145,0.13064899711756556
0.45063442958165517,0.3710632512396173
0.5712469871179929,0.47173855129770786
0.5455355984834591,0.6481691280612383
0.6197917461009498,0.9691313912654872
0.7244315492424458,0.1369191191309169
0.6885831519331221,0.33152218654750204
0.7296020829290512,0.5533182152542856
0.7306344035663142,0.75955696521642
0.8224559904854781,0.9688986140661954
0.8619358141503647,0.1493021485230262
0.9568285507977913,0.3369167110624324
0.9543285722752229,0.5209271995839395
0.9566749636455276,0.7137197081421226
0.9618366712931244,0.9021867020400444
