0.07780076158783988,0.17898518690277204
0.08767611457384654,0.41830503752246145
0.08503441882976269,0.5558008108280819
0.08231709081485052,0.7671920052110729
0.11292718668521544,0.9426557529711748
0.28036509123267406,0.08794293724311043
0.38174778209944016,0.20365621478036477
0.36515148755981564,0.5470911742083012
0.3654616721795181,0.7497810571422588
0.35398753069326633,0.9679610875754224
0.54587225178475,0.13037463840274102
0.4503158720179771,0.37066946288807645
0.5709315153595677,0.47154480089854295
0.5455401300025937,0.6481528702360929
0.6198986793962336,0.9691918385838417
0.7179213515840055,0.13652333467919203
0.6884807986513583,0.331689138604512
0.7295758910589653,0.5532919460648789
0.7305857947465124,0.7595790600719534
0.8217929593823403,0.9689962870479052
0.8404902320172144,0.14303744425792314
0.956705247562553,0.32860912940557513
0.9543831380072755,0.5193301594170333
0.956622237438415,0.7121499480656593
0.9611925298135412,0.901519835075726
