0.10207690489080322,0.13268774588058058
0.08486613650340931,0.28598950920170746
0.08690563484030175,0.49515628185311944
0.08567197270251731,0.7313806578923466
0.103245152284325,0.9158253100295757
0.32447049864413263,0.12543820681284787
0.3835374332837061,0.2479922704762532
0.383533631149682,0.5257544122536691
0.3567943532729066,0.6617845418850338
0.2820562268027373,0.947298381237979
0.5165865280906031,0.13671994586820083
0.499792238546714,0.30143595256628275
0.5240046617929937,0.4955407498072341
0.5206654528788452,0.6318353360986054
0.5086825891128219,0.9535104323552547
0.6983802575666974,0.13131066701478047
0.6880219432704522,0.2693329229105695
0.6651195104387602,0.5119531650422641
0.6919288286317291,0.6543457191038032
0.7181438785495454,0.9345865881441233
0.844416858947826,0.13650860246832244
0.9160686728219497,0.298270056215134
0.9262293546592264,0.5135512345456775
0.9213854976043532,0.7039393072459215
0.9146482205583154,0.9125959445423041
