0.07778618014263669,0.18139968715780172
0.08803865720848988,0.4292387677160588
0.08485032348329083,0.5723135531343077
0.08199303777909586,0.7762660528161778
0.1110446803196765,0.9434722947878614
0.2816045907601263,0.08891784360736606
0.3814152388283971,0.2054907007443504
0.3651507289023329,0.5471022242677192
0.36554914470438715,0.7497342702228657
0.35054268592169097,0.9680257182543899
0.5475115092226563,0.130517234251105
0.4507255354520234,0.3711811832682763
0.5711893341264062,0.47176172795646487
0.5455360294562336,0.6481686490367843
0.6197700999805706,0.969194880690523
0.7223191215190935,0.13680906230367715
0.6884994746169077,0.3316808422762062
0.7295904933964713,0.5533073118397018
0.7305872956071264,0.7595957729228016
0.8222174502667381,0.9689318720040702
0.8535740965296313,0.14664783191860636
0.9567868780936396,0.3337338226277895
0.9543542095044623,0.5205582674437157
0.9566671578998297,0.7136830043368652
0.961617032122697,0.9023234730763146
