0.07778074115398821,0.1814410270877674
0.08804095815789484,0.4293194977830718
0.08484833252593424,0.5723652469542143
0.08199297450682975,0.776267566083487
0.11086541811409295,0.9434179149526305
0.28171815522384613,0.08900762297734229
0.3813230343668572,0.20567449549447755
0.3651504620789591,0.54710252101147
0.3655680009931685,0.7497110286301478
0.35027239116337594,0.9680143394361835
0.5476819699550182,0.13054378429106742
0.45072397103092854,0.3711786094316784
0.5712089970152462,0.4717633511349883
0.5455358111996186,0.6481692144997767
0.6197670451646321,0.9691841227237393
0.7228489433122696,0.13683713368440747
0.6885170375637273,0.3316480983616685
0.7295931899829853,0.553309895613059
0.7305953260754433,0.7595897407370223
0.8222741464582357,0.968923746001793
0.8554912467296478,0.14722817827044637
0.9567973752341429,0.3344569928077672
0.9543488117767985,0.52066259004713
0.9566702455932524,0.713745541192061
0.9616707186899052,0.9023309700750127
