0.07777189001199254,0.18149147375225363
0.08804368147700448,0.42935040247366524
0.08484868962471179,0.5723438349315945
0.08199352118246603,0.7762198222684016
0.11066005176385667,0.9433217096843824
0.28186002546239985,0.08911826289146609
0.38116835296899354,0.20590666518415018
0.36515001156367793,0.5471024762843197
0.3656002936756426,0.7496675525394593
0.3499735751470395,0.9679855810283612
0.5479032049940208,0.13058503275787786
0.45069685411832644,0.37114355056904685
0.5712303839342427,0.4717562714953325
0.5455356378129391,0.648169468265364
0.6197714225885554,0.9691635057172113
0.7235879098179241,0.1368755488016136
0.688546685922694,0.33159192410436217
0.7295972238165075,0.5533136973413909
0.7306106205646551,0.7595772923426417
0.8223560507409897,0.9689122642507277
0.8583264757249394,0.14811100380542705
0.9568117812741903,0.3355246274886231
0.9543403300552693,0.5207907464712193
0.9566733114316321,0.713772212761296
0.9617466058516261,0.9022951325665942
