0.0780367651842939,0.13285928004067363
0.08156608954574526,0.2944116047910963
0.0864807915153528,0.4996937906162195
0.08322261426214556,0.7474106054763827
0.0994818416029425,0.9338124427993317
0.2932620322536871,0.10048423913623115
0.39415310225588596,0.23561652622281284
0.36406777833773035,0.5465969708661712
0.4060812616195957,0.6952610172472591
0.3000247752747452,0.9634585569220667
0.5360119800031476,0.12898494005368943
0.5153666780028735,0.3459075694415298
0.5495867866807937,0.4552545351992127
0.5463272576582598,0.6390457902702814
0.5326429236152681,0.9713880176059506
0.7106055288594307,0.12166643976627872
0.7067949279491799,0.2633131240943247
0.7037051436950396,0.5320308762341828
0.7206983523298824,0.6911338928273926
0.7474404351788406,0.9551190820134999
0.8436079122162807,0.12956055232268007
0.9566810677441471,0.3197787632394097
0.9545972933720972,0.5172562175266708
0.9560198024461712,0.7199095308358102
0.9371717619446854,0.9209028053388453
