0.07775337214101956,0.18157177380011125
0.08804811181840286,0.42919765263697807
0.08485746079099418,0.5720503570707933
0.08199655024668645,0.7759704107449703
0.11046922083026753,0.9430864306590259
0.28211856522608525,0.0893021495687704
0.3807157114980664,0.20637963190138628
0.36514891200933114,0.547101295135522
0.3656740795959504,0.7495593701710285
0.3497402749401641,0.9678935128211992
0.5481028518896307,0.1306988182586378
0.4505885667196546,0.37100390533417443
0.5712526836685692,0.47172673434072265
0.5455356262305093,0.6481687437174096
0.6198113468647598,0.9691099754881518
0.7248862177433928,0.1369430647759476
0.6886012395905603,0.3314876025908194
0.729604720987742,0.5533206542159331
0.7306502791827184,0.7595431044173849
0.8225142139774024,0.9688907999224206
0.8641528038438052,0.15008306211389844
0.9568380630670966,0.3378078194183203
0.9543208422545975,0.521005816558081
0.9566749934647095,0.7136572056488655
0.9618880295032542,0.902097816416898
