0.07709431533541672,0.15386431227565447
0.08463141843683278,0.35859301780901237
0.08557777919566935,0.5327527405407525
0.08251701124107012,0.7614270780178949
0.11231236563704626,0.9416941882443062
0.2801533668292087,0.08775664892708034
0.3815331887119236,0.20383785072294042
0.3651513998696992,0.5470889575117667
0.3655701758603313,0.7496312935811708
0.35338381172641636,0.9678515016253929
0.54522058877878,0.13042344255420013
0.450352185526709,0.37070706821461546
0.570915218729928,0.47152696122591586
0.5455409805294577,0.6481499430288172
0.6198791683509436,0.9691762906552215
0.7171075090709035,0.1364290184681115
0.6884624024076273,0.3317177510716471
0.7295741156876331,0.5532900034332109
0.7305948011335535,0.7595671551120886
0.8217361301206212,0.9690054596268133
0.8390922120217661,0.14286651097443817
0.9567004316677974,0.3282213350068488
0.9543823455652035,0.519191491331537
0.956614174690446,0.7118724138658101
0.9611323140088588,0.9013585174205938
