0.07595811936116525,0.1424206934135485
0.08355802840721019,0.326202765052957
0.08608102060137111,0.5208129380815752
0.0825978545311503,0.7598525126230279
0.111221753835419,0.9411229904240223
0.2804410312919809,0.08803320648549941
0.38165065335060594,0.20484920585754562
0.3651513703071971,0.5470878908694665
0.36575245832174663,0.7493966635952293
0.3518005959053733,0.9676977910196691
0.5448331387179569,0.13045988268142134
0.45082400316302845,0.3712838911200787
0.5710287771351517,0.4715949121782366
0.5455413450506706,0.6481486598567483
0.6198060224035192,0.9691706912149035
0.7167415639996745,0.13625627854403297
0.6884781886472175,0.33169021438332014
0.7295742447719327,0.5532900251337971
0.7305976687828958,0.759563124846086
0.8216795188770915,0.9690119655306513
0.8391918755579486,0.1431306849130965
0.956703126958236,0.3284372295958288
0.9543779957494833,0.519191344337371
0.9566110044293242,0.7117536031351734
0.9610818039282468,0.9013010815888755
