0.07780288511743035,0.1808867658171815
0.08801203778722094,0.4261380015860394
0.08494255740236073,0.5690872390323555
0.08202172053545274,0.7753009977387474
0.11290068224623465,0.9436006171268624
0.28054515060462104,0.0880813347469781
0.3818175313070232,0.20379816928990868
0.3651515349703121,0.5470930725073019
0.36546187528819496,0.7497922886011108
0.35351975094174715,0.9679810142629279
0.5462263063766594,0.13036566315744502
0.4503779750275557,0.3707487328758446
0.5709665970690064,0.47158076157837997
0.5455394674687954,0.6481555899566102
0.6198794943480901,0.9691986253761852
0.7185452013456433,0.13657326754191557
0.6884848503913047,0.33168730776261246
0.729577287514224,0.5532935327748764
0.7305817550023104,0.7595857473160716
0.8218443264399579,0.9689882535141771
0.8419142283977409,0.1433445239031286
0.9567128600745667,0.32912892905270846
0.9543815150719446,0.5194925069107448
0.9566292482973169,0.7124025127848815
0.9612455087100438,0.9016643509009475
