0.07779666291498415,0.18127163275884176
0.08803104828039161,0.4288077721581843
0.0848636369228409,0.5719310116265512
0.08199494632803148,0.7761442626857179
0.1115986237667129,0.9435642022992438
0.2812497239426787,0.08864018469875551
0.3816203420504501,0.20490908861983695
0.36515122777270265,0.5471001871973246
0.3655145637020484,0.7497676107691136
0.3514047840754276,0.9680260254238464
0.5470903308815553,0.1304504298145609
0.45065843810775463,0.37109868583814254
0.5711225060607736,0.47172764149868507
0.5455369426894674,0.648165638501743
0.6197954517840031,0.9692086556901433
0.720974996427452,0.13673423927857695
0.688474997791785,0.331723361205954
0.729584558212637,0.5533014274005625
0.7305766330593917,0.7596012709734589
0.822078071185595,0.9689524450976562
0.8490002058870405,0.14529222809281395
0.9567590959600607,0.33196435165291743
0.9543662239774933,0.5202311326572585
0.95665627301041,0.7133668804849767
0.96148135338427,0.9021895927880276
