0.0777466671881144,0.18160157211242647
0.08804990041048077,0.4290944002861086
0.08486248047729801,0.5718784661307493
0.08199835373102742,0.7758273395946071
0.11047951157259538,0.942986259889323
0.2822314862949474,0.08937354150093119
0.3804589202844432,0.20661712562449927
0.36514841478849436,0.5471006606199826
0.36570252308348744,0.7495152562792755
0.34978691663523964,0.9678494273020972
0.5480441576975789,0.1307633903443522
0.4505375953013062,0.3709373966417931
0.5712558310367666,0.4717153802388226
0.5455356655737951,0.6481683055065142
0.6198372742013601,0.9690867187930545
0.7253179512475263,0.13696694948644525
0.6886153971394113,0.33146083488264294
0.7296071517758902,0.5533229005181772
0.7306675504609517,0.7595278868923651
0.8225735001120321,0.9688829149431913
0.8665352917914123,0.15096815149848708
0.9568474891233096,0.33880345304625337
0.9543122023104273,0.5210910701740379
0.9566744162978876,0.7135771703781503
0.9619396243817598,0.9019928964021267
