0.07539169327136429,0.13774549158434854
0.08294892151445242,0.31222011167961744
0.08634187161175885,0.5149229762999138
0.08265669227679821,0.7587159125100327
0.10964603013418474,0.940458297023723
0.28115247327094756,0.08874291081376157
0.3823378860831174,0.20700038473282523
0.3651472320319092,0.5470909258479904
0.36598674920149976,0.7491058007337703
0.3494478377954073,0.9675304099576492
0.5445303811158818,0.13050671944865488
0.4524600981870447,0.3733951280990999
0.5717279789354572,0.4718942677957045
0.5455403525460174,0.6481463062209166
0.618738159968353,0.9694413236409337
0.7162377721798778,0.1356210690353454
0.6887187959940599,0.3312555754375718
0.7295897557409876,0.5533044757694603
0.7304519672039291,0.7597042800493863
0.8203016013107015,0.9690189567928298
0.8405376571240541,0.14377092293106292
0.9567087765586879,0.3289806209542166
0.9543739969766377,0.5192093384530796
0.9566125565960658,0.7116760850237107
0.960511111868793,0.9016012627719032
