0.0778054390236976,0.18110261367938832
0.0880203726738408,0.4280107728105294
0.08488882997662384,0.5711457939681128
0.08200023691575,0.7758547235049249
0.1123399040795887,0.9436134886641854
0.28079175939332596,0.08828481400587843
0.38179221987919826,0.20416133650932508
0.3651514972437902,0.5470961515999219
0.3654873716999898,0.7497786360288782
0.35259170106937043,0.9679974650189657
0.5466270004754666,0.13038429847040148
0.4504921211903695,0.370891991141265
0.5710280532405041,0.4716446343214631
0.5455384158156078,0.6481599788296716
0.6198420624069098,0.9692060323714214
0.7195020620964542,0.13664196770609488
0.688479150130704,0.33170648420118176
0.7295796781683445,0.5532962384661776
0.7305773701718956,0.7595943677620677
0.8219319565792071,0.9689747052447217
0.8444626243937097,0.14399846180261386
0.956728957118909,0.3301386931115949
0.9543768574878974,0.5197850593704318
0.9566404542662907,0.7128131809592031
0.9613348041773994,0.901895172759201
