0.07780644222942615,0.1810810873581579
0.08801905262205344,0.42788898035660794
0.08489262626890196,0.571021506979921
0.08200117963796465,0.7758117044652947
0.11243394772086039,0.9436177653155366
0.2807426558501894,0.0882456545977877
0.3818038162450466,0.2040840273196719
0.3651515106103556,0.5470956127308144
0.3654838629974289,0.7497798664475139
0.3527438988714734,0.9679937937761269
0.5465653779119526,0.13037890871502014
0.4504707367439256,0.37086528542036057
0.5710167906136032,0.47163327500277014
0.5455386022741079,0.648159219056162
0.6198482436477764,0.9692049106289418
0.7193328162944497,0.1366303881368252
0.6884805686053561,0.33170243562787466
0.7295792193382754,0.5532957268458403
0.7305780161802046,0.7595929780608269
0.8219158972135354,0.9689771803294325
0.8439844236579445,0.14386933496589618
0.9567258100012248,0.3299458345360805
0.9543778431973128,0.5197317008171095
0.9566384845010156,0.7127412707609518
0.9613185043591804,0.9018552323973841
