0.07774284138037443,0.1816206400329387
0.08805109234337676,0.42902462700292604
0.08486578322719071,0.5717623521731022
0.081999630574025,0.7757282868101778
0.11051140831569346,0.9429239133308287
0.28230795630881733,0.08941979339446042
0.38027267350542765,0.2067870687337394
0.36514809060563674,0.5471002625542365
0.3657189846138205,0.7494889880529428
0.34985669758961263,0.9678210539794719
0.5479610651645879,0.1308106184963472
0.4505053930607471,0.37089502076157377
0.5712564566469808,0.47170931692453133
0.5455356853044,0.648168047496185
0.6198558908137365,0.969072191091333
0.7255626381822766,0.13698157317401796
0.6886213998469588,0.3314498079809324
0.7296084576719728,0.553324109491068
0.7306783611996458,0.7595183143431136
0.8226092061521689,0.9688781919712213
0.868049096929354,0.15155430728909663
0.9568529261329219,0.3394562711130995
0.9543065976275618,0.5211465491467644
0.9566738017142392,0.7135232196307609
0.961970398510241,0.9019241495376631
