0.07779755077250576,0.18125623919579706
0.08803009190035076,0.4287440356312509
0.0848656698730743,0.5718704463521166
0.08199530418437503,0.7761225272055529
0.11166467714719451,0.9435707316432923
0.28120665311583243,0.0886068655710792
0.38164037900505315,0.2048379983310847
0.3651512664282851,0.5470998678379593
0.3655117266466194,0.7497694106714521
0.3515093580587887,0.9680241469162958
0.5470473925510826,0.13044329911475727
0.45064564115332467,0.3710828356395878
0.5711140878119773,0.4717214414444338
0.5455370674692366,0.6481651877339702
0.6197992880244693,0.9692091040935013
0.7208324573487227,0.13672587747189943
0.68847421030558,0.33172420921262646
0.7295840114501552,0.5533008658738424
0.7305762188893776,0.7596011156416089
0.8220635782795453,0.9689546268101165
0.8485369158157101,0.14515681594844693
0.9567560857877065,0.3317805128416852
0.9543673803784929,0.5201911198969822
0.9566548897407964,0.7133212502164669
0.96146698457198,0.9021667664577024
