0.07779711291663029,0.18126392990144777
0.08803057059932252,0.42877612236421686
0.08486464620750084,0.5719010040317699
0.08199512237217348,0.776133525566357
0.11163167158900762,0.943567549245446
0.28122817392872057,0.08862350676659009
0.38163046635954506,0.2048735201906185
0.3651512475458783,0.5471000289300457
0.3655131234397901,0.7497685483067253
0.3514570678167279,0.9680251172100521
0.5470687236960705,0.1304468405749254
0.45065212614019345,0.37109086932219837
0.5711183017983974,0.47172458371121234
0.5455370048230933,0.6481654148806681
0.6197973581619447,0.9692089029605913
0.7209033368801597,0.13673004810399958
0.6884745606527155,0.33172387164427736
0.7295842812974426,0.5533011435269342
0.7305764095718483,0.759601208851614
0.8220707781146169,0.9689535421081195
0.848766748683151,0.14522393795887678
0.9567575827410769,0.3318718189367622
0.9543668081688652,0.5202111329462447
0.9566555824573676,0.7133442007860855
0.9614741280961061,0.9021783009735209
