0.07748355199196456,0.16673530008950146
0.08614087484809477,0.39163072902181767
0.08528277846513957,0.5437853269602483
0.08244259622321802,0.76295565448823
0.11270057380877528,0.9420372479529355
0.2801285624606757,0.08778388849290354
0.38161067086426104,0.203649740646827
0.3651514244249788,0.5470897919466036
0.36550204509985507,0.7497219117990667
0.3538895433409015,0.9679146042546912
0.5454981982614687,0.13039963709665592
0.45029782583584677,0.3706435088595209
0.5709121849149025,0.4715260961916077
0.5455406463828155,0.6481509750159591
0.6198969704014151,0.9691839182245142
0.7174156581906066,0.13647520879920394
0.6884704248672293,0.33170450051109396
0.729574791007466,0.5532907300067996
0.7305904011970423,0.759572558267487
0.8217563702090652,0.9690021179974596
0.8395254340400226,0.14288193968108007
0.9567013141505304,0.3283066701578599
0.9543833362850489,0.5192303016662568
0.9566170899033667,0.7119711444965099
0.9611541578359679,0.9014164085827828
