0.07780184305308625,0.18117359151871024
0.08802486619570601,0.4283717327622153
0.0848775080017359,0.5715080378522672
0.08199763360375878,0.7759888206253673
0.11202298797962061,0.9435972739363422
0.28097693034763727,0.08842949185725615
0.3817343300310207,0.2044601458866661
0.3651514220476691,0.5470979648357522
0.36549837983880495,0.7497753757749974
0.35208111323863484,0.968010780639065
0.5468251626299329,0.13040821264941246
0.4505667353309341,0.3709849052706942
0.5710679063799111,0.4716827618318077
0.5455377752832518,0.6481625212169068
0.6198214500619832,0.9692088609898482
0.7201007999654789,0.13668118057892456
0.6884748059023353,0.3317190072782222
0.7295814605239269,0.5532981843000713
0.7305758597436185,0.7595984584290525
0.8219902073824047,0.9689657677013195
0.846233872549283,0.14449237839014709
0.956740794823468,0.33085578554410955
0.9543729260826662,0.5199730656846367
0.9566472374096906,0.7130573742175865
0.9613936406340822,0.9020286131460161
