0.07774409431146871,0.1816141635242233
0.08805068372719106,0.4290484254758722
0.08486466271083665,0.5718020372551127
0.08199918844979787,0.7757623824551158
0.11049846820589897,0.9429448208265617
0.2822816754842225,0.08940404768281905
0.3803376060794515,0.20672793271066475
0.36514820074635496,0.5471003957237792
0.36571358501728307,0.7494976756400948
0.3498297036165426,0.9678306393490345
0.5479930618369195,0.1307941140448353
0.45051623393662293,0.37090931952612916
0.5712563564644837,0.47171125758054067
0.5455356794900238,0.6481681317416813
0.6198494314928014,0.9690770664703344
0.725482376933768,0.1369766485693071
0.6886196255270933,0.3314530219757107
0.7296080372312088,0.5533237199449741
0.7306747310364413,0.7595215319080765
0.8225973122145581,0.9688797633644666
0.8675372625835668,0.15135416939582821
0.956851143387669,0.33923389412416544
0.9543084989687317,0.5211276658981077
0.9566740277302962,0.7135415883943858
0.9619601710229161,0.9019474602842187
