0.07776156363249447,0.1815376938135833
0.08804617989780786,0.42929197566397265
0.08485257186130615,0.5722136792852579
0.08199490182786985,0.7761046206668495
0.11051709363966154,0.9431968739959848
0.28200127574531153,0.08922250784909987
0.3809490910849749,0.20615320013556315
0.3651494353001362,0.547101942931421
0.36564046794521166,0.7496098028342278
0.3497832935720332,0.9679392980453241
0.5480668780674056,0.13064048198146797
0.4506427844507123,0.37107402187836075
0.5712455447149295,0.4717408396497114
0.5455355961579826,0.6481691920941145
0.6197885665306481,0.9691353966328231
0.72433873866387,0.13691430032060128
0.6885792231686898,0.33152971153878796
0.7296015421914297,0.5533177145583887
0.7306314365251757,0.7595595362729999
0.8224445404243705,0.9689001611714709
0.8615112508391918,0.14915716186308478
0.9568266595936619,0.3367496362529728
0.9543300110044175,0.5209119557272239
0.9566748815770779,0.7137296108861081
0.9618264815184375,0.9022021969113879
