0.07777767824632711,0.18005313990957336
0.08791868896180074,0.4208768431997599
0.08498042847521058,0.559218074740467
0.08226915471245844,0.7693855007758658
0.11296381484181685,0.9429126717348411
0.2804206890629159,0.08798144015361409
0.3817738437060976,0.20368456427960854
0.36515150292062826,0.5470915829394646
0.3654578369926382,0.7497883351505608
0.3539300795940637,0.9679680990122919
0.5459607025718177,0.13037065922177565
0.45032878461288517,0.37068611702885496
0.5709388630391972,0.4715520895076532
0.5455399834262137,0.6481534512329239
0.6198960639684913,0.9691936059249873
0.7180622508566114,0.1365351293804365
0.6884825442153942,0.33168712552604523
0.7295762010134471,0.5532922949967024
0.7305847549727642,0.7595806730269881
0.8218040048175985,0.9689945496643435
0.8407921088059448,0.14309701664956234
0.9567067218469371,0.3287143018400205
0.9543828822200424,0.5193635631396065
0.9566237665116906,0.712204250229638
0.9612039845023895,0.9015510507363838
