0.07780703503552447,0.1810659746479691
0.08801815393147794,0.4277975153232243
0.08489547651953584,0.5709275821867501
0.08200190438227348,0.7757813266351753
0.11249661013967843,0.9436205109448202
0.28071177265506986,0.08822074520367841
0.38180998355268536,0.20403609815239174
0.36515151763003945,0.5470952574149233
0.3654813993463006,0.7497808580608876
0.3528454885351563,0.967991508873904
0.5465233709022382,0.13037580625849393
0.45045692102351614,0.37084800746977925
0.5710094941405205,0.4716258055619153
0.5455387244816338,0.6481587165261338
0.6198523661717453,0.9692041199231356
0.7192223663312056,0.1366227056010438
0.6884814646218431,0.33169981757843237
0.7295789295039863,0.553295401455811
0.7305784776878094,0.759592028804353
0.821905531392695,0.9689787800012845
0.8436782746656937,0.14378791393943652
0.9567238161998562,0.32982284428947634
0.9543784523976958,0.5196970522054574
0.9566371917099792,0.7126939315720755
0.961307967146407,0.9018288117890346
