0.07778267043069557,0.18142757320689287
0.08804021765352549,0.42929778644945904
0.08484879354577898,0.5723540807955605
0.08199295376801902,0.7762702509127943
0.11092335612595651,0.9434376263901276
0.28168111866454054,0.08897836478321654
0.3813554688124662,0.2056145886796863
0.3651505572687803,0.5471024523306114
0.36556122920027606,0.7497196183891864
0.3503590477136495,0.9680190111763621
0.5476246161007979,0.130534657646881
0.45072624230661307,0.3711816707824009
0.5712027574323987,0.47176348832784853
0.5455358760241373,0.6481690608597589
0.6197675529874129,0.9691881303254399
0.7226695146323064,0.1368276899110477
0.6885106683253999,0.3316600412102183
0.7295922564861904,0.5533090057915251
0.7305923420404182,0.7595920464391203
0.8222547932058859,0.9689265031285047
0.8548330698437905,0.14702777788193946
0.9567938456469678,0.3342093502325241
0.9543506930560819,0.5206286402952174
0.9566692812511619,0.7137284391050909
0.9616524984762957,0.9023314832943006
