0.07776424309772705,0.18152637056862986
0.08804555959520215,0.42931444758851506
0.08485129178821925,0.5722561343864321
0.08199447214149122,0.7761401711398533
0.11054536337170033,0.9432306747072582
0.2819650508299721,0.08919659589249342
0.3810122046531231,0.20608757436395733
0.3651495920586463,0.5471021170101734
0.365629795712922,0.7496254388373034
0.34981816387583237,0.9679525252184895
0.5480354804026232,0.13062466825678268
0.4506585270223267,0.3710942898127993
0.5712423571629884,0.47174524357609154
0.5455355958789448,0.6481693030812804
0.6197829243745288,0.9691430963301322
0.7241519246626001,0.13690463616308032
0.6885711811012166,0.33154511354264854
0.7296004558528474,0.553316707432359
0.7306257341039137,0.7595644550425231
0.8224218756392891,0.96890323528184
0.8606802534783403,0.14887738539183185
0.9568228961685945,0.3364255562873861
0.9543327850982765,0.5208817006351877
0.9566746404988984,0.713746517553823
0.9618062174717878,0.9022306974184096
