0.07780626633361973,0.18095203915831637
0.0880130610060316,0.4268635791239601
0.08492380041795311,0.5699352155579592
0.08201065793634144,0.7755326544920399
0.11281104541816526,0.9436237397864367
0.28057913802687007,0.08811042971394534
0.381821095940604,0.2038419733689849
0.36515153493607005,0.5470935535640749
0.36546680020301175,0.7497890162466276
0.35336163982341506,0.9679828464179644
0.5462990619993748,0.13036642205030546
0.45039444520912736,0.3707695418993558
0.5709757869703337,0.4715904882013911
0.5455393044699945,0.6481562839764471
0.6198731672866081,0.9691999180143241
0.7186957633675359,0.13658462729611054
0.688484580024046,0.33168922835804365
0.7295776362917922,0.5532939320836726
0.7305809767055459,0.7595871920114763
0.8218575406130887,0.9689862034758892
0.842288585765488,0.14343414212926597
0.9567150843455206,0.32927316603300505
0.9543809426786253,0.5195362738095274
0.9566310049328511,0.7124668292384189
0.9612590321049057,0.9017008818634393
