0.07772676457466833,0.18183400660566157
0.08806569454921238,0.42831926717966357
0.08489708608988636,0.5705128454640878
0.0820162584022745,0.7745669003913489
0.11182662278787461,0.9424653827315824
0.283206982201352,0.08994865833379452
0.3777412426532229,0.20903817091933946
0.36514495184659645,0.5470978120097204
0.365761798891948,0.7493818303947803
0.3521278250950316,0.9676005143593663
0.5457950436863086,0.1314784320725832
0.45018133983588887,0.3704589580260928
0.5712141505109753,0.47167745419166224
0.5455349504273174,0.6481680482231162
0.6200882252801756,0.968961252446021
0.7272479128221394,0.13721679372297133
0.6886056106363709,0.3314996459788945
0.7296133264202884,0.5533287742756233
0.7307623179327278,0.7594436957032894
0.8228630808088658,0.96884564430772
0.8831550142728413,0.15775314467225018
0.9568638565055658,0.3460586370648372
0.9542574697907308,0.5216532083618816
0.9566620573401993,0.71301010054984
0.9621808305140305,0.9012966561195631
