0.07772789939146071,0.1817452117440277
0.0880594316396411,0.42859396786244547
0.08488530465313165,0.5710158733801523
0.08200904834963219,0.7750462350726188
0.11109816640192714,0.9425996470965506
0.2828379836603216,0.08972594488143147
0.3788307347869263,0.2080842491365753
0.3651461090030861,0.5470983674728386
0.3657769089265346,0.749382115537808
0.3508992459603174,0.967665610206023
0.5468369606332543,0.13118633417947637
0.45031654496046686,0.37064136892285854
0.571240953017192,0.47168926242409165
0.5455355054523299,0.6481673776052295
0.6199914612161976,0.9689956296961677
0.7266806313513614,0.1370893702949709
0.6886200651789115,0.3314610938126722
0.7296127481103872,0.5533281478888348
0.7307358341694578,0.7594671700205957
0.8227885823890152,0.9688547717744652
0.8772474843347998,0.15535881513278232
0.9568707225195507,0.3435880017184484
0.9542737232853192,0.5214864860533701
0.9566676450433838,0.7132040978826321
0.9621216066561832,0.9015243716664929
