0.07779472075395939,0.18130247052075682
0.08803294101869971,0.4289292118685873
0.08485977526560179,0.572044698852149
0.0819943038597947,0.7761842179321139
0.11146623019586954,0.9435489814009963
0.2813358608183485,0.08870702260413177
0.3815777731634218,0.20505114401970945
0.3651511392656595,0.5471007876794034
0.36552082555317045,0.7497629960380344
0.35119612202722383,0.9680289224348889
0.5471798704184424,0.13046521937209068
0.45068167152081506,0.37112742640728646
0.5711391632857769,0.4717389221617992
0.545536700507034,0.6481664927299996
0.6197881190973192,0.9692071577370399
0.7212696365770326,0.1367512206667907
0.6884777015944936,0.33171942007036576
0.729585739914376,0.5533026276366263
0.7305778897159928,0.7596011746657224
0.822108199476111,0.9689479327624323
0.8499712998691319,0.14557733540020373
0.9567653030294335,0.33234687053917433
0.954363763420874,0.5203107744895699
0.9566590042007488,0.7134543642428337
0.9615110816706153,0.9022319429522556
