0.07778004516532824,0.1797793958154305
0.08786234072333533,0.4201300671145862
0.08499676344771726,0.558007757381538
0.08228789071589686,0.7685793130240544
0.11295195519902722,0.9428209072095796
0.2804035476233756,0.08796926439341277
0.38176590409668004,0.20367480944494695
0.3651514979762871,0.5470914447975008
0.3654588698390994,0.749786208194927
0.3539525370591999,0.9679659490005621
0.5459317601658416,0.13037184995307932
0.4503243298116752,0.3706803902739649
0.5709363514438355,0.47154958254553897
0.5455400326884582,0.6481532544522561
0.6198970550097054,0.9691930296588385
0.7180151479296758,0.13653123116076457
0.6884820167286151,0.33168768901074325
0.7295760970369531,0.5532921776892251
0.7305850946732418,0.7595801397146658
0.8218002710784723,0.9689951362240427
0.8406897749283438,0.14307641796265833
0.9567062121247873,0.3286782690950406
0.9543829755010569,0.5193521559999102
0.9566232508917705,0.7121858844655002
0.9612001169109085,0.9015405022828478
