0.07787390542629072,0.17628107424583733
0.08705745540532003,0.41277699755717134
0.08511248098101425,0.5518651577614331
0.08236413390683113,0.7651635423991384
0.11287031691902448,0.9423887733040324
0.2802658817634451,0.08788275596398609
0.38170278711709965,0.20362666835582985
0.365151465232434,0.5470906531563782
0.3654706376309256,0.7497666325885108
0.35401580600837224,0.9679487220571417
0.5457455374310488,0.1303819209912659
0.45030213724622026,0.37065136757714456
0.5709228193582507,0.4715363318482108
0.5455403204559637,0.6481521384944039
0.6199004060221209,0.9691892776168801
0.7177351068806899,0.1365069956152848
0.6884777161059064,0.331693324466939
0.7295754859088496,0.5532914937069084
0.7305872923181098,0.7595768344045115
0.8217789498885766,0.9689985021654616
0.8401118666915751,0.1429686155067007
0.9567035390299192,0.32848289745621023
0.9543833605550187,0.519289514367006
0.9566202818592192,0.7120812438070917
0.9611779335287146,0.9014802208978026
