0.07624751602594095,0.14483833035675503
0.08380112828504019,0.33314833405265604
0.08595967924311915,0.5234675584432542
0.08257783842144233,0.7602427165445927
0.11160092228539134,0.9412999526980798
0.2803007177626605,0.08789837944583413
0.381565709075774,0.20442450826127143
0.3651514111607344,0.5470881497000813
0.36568958749567165,0.7494770484168399
0.35235600868493955,0.967749672018867
0.5449397006980086,0.1304496609246579
0.45060412472310823,0.37101317114749993
0.5709694002612683,0.4715610422881253
0.545541280799305,0.6481490453717076
0.6198377021057625,0.9691678256696706
0.7168442738721651,0.1363321998812749
0.6884652072487002,0.33171301824350574
0.7295738158234464,0.553289651360352
0.7305996019281723,0.7595615948246961
0.8217118055255057,0.9690090291599979
0.8390443273475431,0.14300760913440388
0.9567018348193936,0.3283259415761216
0.9543795845643649,0.519185766396972
0.9566117822527777,0.7117873091520478
0.961107436972549,0.9013107299046682
