0.07737297840934215,0.16115835997917632
0.08546212262440148,0.3778983305560729
0.08538423367006932,0.5393294461372808
0.08247480366458404,0.7622678451292293
0.11257262607859557,0.9418979702385738
0.2801334417723412,0.08776072827613057
0.38157335478294846,0.2037017074676698
0.3651514102057101,0.5470894373826692
0.36552508178326587,0.74969079658324
0.3537349436516911,0.967892407772877
0.5453838131343297,0.13040901180232078
0.4503088716304675,0.37065582832214095
0.570910621336177,0.4715243346486532
0.5455407869910593,0.6481505201447804
0.6198917522858781,0.9691810467105403
0.7172822232389136,0.13645861888418773
0.6884668200983145,0.33171035945781696
0.7295744969429434,0.5532904120770784
0.7305920586215824,0.7595704480637999
0.8217474424294489,0.9690035754084272
0.8393134608289062,0.1428628677173523
0.9567007244455245,0.3282545919122652
0.9543830844446256,0.5192105695061431
0.9566158100060388,0.7119277111624684
0.9611446118370376,0.9013910602855182
