0.1138907173996171,0.13211212198727207
0.09174298861347431,0.28990019363960107
0.09401237265751691,0.4990298505816362
0.09101877447211136,0.7178697399483042
0.10930163381138978,0.9072061640433896
0.31576406169673704,0.123833366516144
0.3488331217039352,0.2670638713681879
0.34617751756080145,0.516417921011001
0.3279508046469055,0.6769302817254743
0.284007109745471,0.9371968328309859
0.5108966784358482,0.1341651976210172
0.4977677279189642,0.2984277958719524
0.5145389852266504,0.5010856627206378
0.5134755622014674,0.6523802914896938
0.5049822707364048,0.9385254544890138
0.6957315297496716,0.12957887106675106
0.6904345331996665,0.2792765356055705
0.6736509442900336,0.509021731796366
0.6919319751062442,0.6705638939204198
0.7119306671534601,0.9268711826270786
0.858631165123831,0.13269283108399782
0.9042089425649795,0.29735409629954296
0.9130688707686562,0.5090650630607187
0.9156750226230795,0.700969405212473
0.9053327730367909,0.9066019278041083
