0.07780578326310017,0.18109552927265282
0.08801993416575296,0.4279716163484348
0.08489005090294507,0.5711059384965887
0.08200053699916554,0.7758406275891431
0.11237127330675542,0.9436149328608266
0.2807750275352751,0.08827152506833107
0.3817963940488409,0.20413486319001847
0.3651515021016714,0.5470959713180584
0.3654862230277667,0.7497790177395496
0.35264243477845614,0.9679962129639049
0.5466066276186369,0.13038240515003272
0.45048491320248313,0.3708829942170254
0.5710242581468283,0.47164083121948697
0.5455384783575093,0.6481597249322912
0.6198441229299186,0.9692056683640234
0.7194451567601637,0.13663809992617662
0.6884796290374473,0.33170512607204283
0.7295795218424452,0.5532960646451693
0.730577578438709,0.7595939100051348
0.8219265342066611,0.9689755404826635
0.8443006435147266,0.1439544750252022
0.9567278872056147,0.33007328318791646
0.9543771957359678,0.5197670952784692
0.9566397937688047,0.7127891027124622
0.9613293041280632,0.9018818266208002
