0.07780293392581013,0.1811519563932175
0.08802348717334726,0.42826638788829574
0.08488082886722699,0.5714033258047561
0.08199836052294111,0.7759496061557608
0.11211886180176887,0.9436026129440068
0.28091828915021033,0.08838401321453342
0.38175467117499007,0.20436463412848319
0.3651514502287284,0.5470974221774492
0.36549509328048896,0.7497763634481432
0.35223517040981184,0.9680067251649588
0.5467662982131036,0.13040013442045828
0.450544113217026,0.37095677120112347
0.5710556338893341,0.4716714092986159
0.5455379695169812,0.6481617618885339
0.6198276285529227,0.9692082011837105
0.7199151730455534,0.1366693017047054
0.6884759255400326,0.33171564581737856
0.729580879921027,0.5532975575903589
0.7305761801068975,0.7595973478925699
0.8219719368837977,0.9689685634312898
0.8456724303651053,0.14433363822831552
0.9567370283874508,0.33062850191405335
0.9543742123103721,0.5199152502542402
0.9566451733940619,0.7129837982094757
0.9613752382333364,0.9019888241811759
