0.08060276148792567,0.13135989308390647
0.08141379791499069,0.2936061041414582
0.0864576554476417,0.4987256644676834
0.0832848263021365,0.7458354449593751
0.09878630786910012,0.9327025077078442
0.2970449824281072,0.10339046245641051
0.396460453347391,0.23738566571204184
0.3667165206959976,0.5461616044042368
0.4096501685123767,0.6816828174630111
0.29655118013913756,0.9621180271647317
0.5351738640912337,0.12882755715251967
0.5147826515778033,0.3386179823354302
0.5483361804687161,0.45557272825216105
0.5460696377064117,0.6339164867008871
0.5276979648757253,0.9714758562521321
0.710203745540821,0.1226383701022243
0.7053235783670689,0.259677926186719
0.6940612461777337,0.5257797850239944
0.7164899385930042,0.6765208040351716
0.7424361234844529,0.9505905851584129
0.8385145875050257,0.12814481878339845
0.9567930388766159,0.3164764226902703
0.9546908755640744,0.5170093027389944
0.9538536444310208,0.7225766118426957
0.9345947179699982,0.9228401191448969
