0.07779364988646248,0.18131783605627286
0.08803387122391974,0.42898625825491077
0.08485797318611492,0.5720971165550283
0.08199402253761959,0.776202111947754
0.11140009651248035,0.9435401326473288
0.2813786490289212,0.08874034729244258
0.3815552586032512,0.20512157688878271
0.36515108899361837,0.5471010651993748
0.3655243056578043,0.7497600866309265
0.35109240993832125,0.9680298427593312
0.5472267173034853,0.1304728460361834
0.4506918783807574,0.3711400304991575
0.5711473507036988,0.47174391832852763
0.5455365841398417,0.6481668920650471
0.6197846745812217,0.9692060681129031
0.7214218771478856,0.13675984851814793
0.6884796852204027,0.3317161951585364
0.7295863774563162,0.5533032682826884
0.7305787615330321,0.759600894384361
0.8221238538778771,0.968945601304981
0.8504799316595908,0.14572726413255607
0.9567684928419335,0.33254566591152757
0.9543624556406908,0.5203502219628637
0.9566603440073762,0.7134957721832432
0.9615264478810922,0.9022511351316901
