0.07774537040710468,0.18160781034608872
0.08805028659269168,0.4290716977893407
0.08486356118042597,0.5718407552133616
0.08199876287558154,0.7757954035099437
0.11048785982658726,0.9429656122453758
0.2822561927464279,0.08938863599744203
0.3803996676605056,0.20667130880177206
0.3651483088208548,0.5471005285454906
0.3657080922758211,0.7495064394434408
0.34980647985558505,0.9678401020612815
0.5480207217497965,0.13077837829275152
0.450526971154479,0.37092344840082586
0.5712561473678944,0.47171328073780566
0.5455356728498811,0.648168217932609
0.6198432256238873,0.9690819112305743
0.7254008036843768,0.1369717786521712
0.6886176226307557,0.33145670228674823
0.7296076016520663,0.5533233167078074
0.7306711258852097,0.7595247242370803
0.8225854072575591,0.9688813380443309
0.8670326884331843,0.15115880043704386
0.956849329157497,0.3390163013060313
0.9543103675787031,0.5211091751494694
0.9566742327665946,0.7135595868542375
0.9619499106185556,0.9019703882877578
