0.07773044481316242,0.18188917486507328
0.08806966385414025,0.42816010999569315
0.08490376127526163,0.570212039599283
0.08202067901737571,0.7742821162644004
0.11239189848472107,0.9424252110402562
0.2834249840806418,0.09009042211493272
0.3770938501592626,0.20959406235700942
0.3651443819704166,0.5470977995489007
0.36572677149378785,0.7494167168035873
0.3530732118055872,0.9675841812182177
0.5451654161796867,0.1316538201103221
0.45008724896957075,0.3703336501732916
0.5711920575682097,0.4716638145372638
0.5455343909942852,0.6481689691436022
0.6201445494475505,0.9689481587504684
0.7275892692886089,0.1373268101650413
0.6885999463864187,0.33151801141245735
0.7296134235075793,0.5533289328322475
0.7307728669868813,0.7594345108318531
0.8228864047505603,0.9688434295652517
0.8865969928569751,0.15901613111938556
0.9568534919635233,0.3472900144267525
0.9542511466706994,0.5217074928696903
0.9566580750613066,0.7128908191754348
0.962196467897485,0.9011725233052142
