0.0778014764112669,0.18118089894745862
0.08802533197370077,0.42840656263350646
0.08487640668081867,0.5715424661401806
0.0819973995876101,0.7760016948406636
0.11199084915153983,0.943595360243617
0.28099696685384157,0.08844499089553319
0.38172701496976363,0.2044929083540344
0.3651514114370464,0.5470981445131048
0.36549949144569177,0.7497750145573752
0.3520295597550944,0.9680121192073486
0.5468448111987725,0.13041106314819287
0.4505742487403831,0.370994243411993
0.5710720434849511,0.47168650000238443
0.5455377103826715,0.6481627725170346
0.6198193955587781,0.9692090351647719
0.7201639128675312,0.13668516588599347
0.6884744956509344,0.3317199977352316
0.7295816639229861,0.553298402294865
0.7305757851230512,0.7595987994873165
0.8219964562253627,0.9689648132800298
0.8464270625640121,0.14454736929071335
0.956742090305857,0.3309338934212759
0.9543724764336804,0.5199925530761969
0.9566479294330653,0.7130818604493617
0.9613999228716797,0.9020417580156457
