0.07743967253266777,0.16490571391512124
0.08593160139866718,0.38724528245105216
0.08531383132953659,0.5423682448272135
0.08245342017992636,0.7627171176936528
0.1126629716612577,0.9419913622774191
0.2801273407020505,0.08777462905333461
0.38159791382399694,0.20366387367839933
0.36515141909568394,0.5470896731839131
0.3655089029704685,0.7497125671830008
0.35384642724694043,0.9679078529529843
0.5454606642764526,0.13040263613342326
0.450300255036977,0.3706460912039677
0.5709113680524516,0.4715252703274319
0.5455406929980419,0.6481508207372645
0.619895549381688,0.9691830125258594
0.7173709459229649,0.13647000259702402
0.6884692344581782,0.33170641732348793
0.7295746926647015,0.5532906233434188
0.7305909243127917,0.7595718807485279
0.8217533448138578,0.9690026094229784
0.839451483818979,0.14287404156785186
0.9567010889413541,0.3282873454570697
0.9543832736395355,0.5192232879449571
0.9566166576162344,0.711956436833877
0.9611509356307022,0.901407840687527
