0.07510811605276457,0.1349661385739261
0.0823885229645605,0.3025423599139596
0.08651127025656229,0.5096126779163478
0.08275896517771392,0.7567940391126625
0.1063829778192533,0.9391381812172493
0.28245501077741186,0.0902201185519624
0.38421607489771814,0.2105858013652927
0.3648727345017401,0.5473380636977059
0.3661694287806849,0.7489904695234798
0.34153042037511233,0.9678155632919809
0.5439550051532829,0.13079729453403927
0.45945667059542605,0.3849566575782514
0.5767145330818583,0.4728347055732639
0.5455384621111297,0.6481327069603282
0.6037743187331239,0.9701972566798599
0.714378013349845,0.13202969083218546
0.6916440546638595,0.3261716760956692
0.7297218457977944,0.5534320818554864
0.7301930546793838,0.7595672296467243
0.803486534930453,0.9685072209604142
0.8460416833925423,0.14347488169516032
0.9567066378368843,0.3294848937835694
0.954383031289299,0.5191562624735222
0.956651904109719,0.712110371361219
0.9560747296896914,0.9048971207981041
