0.07770317498608194,0.17174603475038286
0.08657361504793902,0.4031402868183537
0.08519973213031623,0.5476296612069053
0.08240938385465371,0.7637617624964648
0.11278974279942354,0.9421774054070655
0.2801619988916053,0.08782050925796615
0.38165020711598274,0.2036242422601525
0.36515144195123134,0.5470901540942928
0.3654854862848677,0.7497449332755208
0.35397698601324246,0.9679316842833028
0.5456076821481608,0.13039134155983703
0.4502957736231615,0.3706421357955539
0.5709158643068385,0.4715296474908574
0.5455405071181589,0.6481514553764922
0.6198996717779551,0.9691863934438658
0.7175512414099052,0.13648957140165774
0.6884738131354113,0.3316991629935239
0.7295750873474466,0.5532910535831521
0.73058896879567,0.7595744731765539
0.821765746827133,0.9690006071827066
0.8397634234484835,0.14291306642384274
0.9567021381475247,0.32837427741841263
0.9543834240959093,0.5192536477102225
0.9566184220089636,0.7120167646287127
0.9611640805560643,0.9014429088909713
