0.07773683656741898,0.1819365341751989
0.08807307848913207,0.4280336982816082
0.0849090835942875,0.5699652286764451
0.08202426588161688,0.7740506478498024
0.11294235519438586,0.942419048588465
0.28360514606125614,0.09021465380555736
0.3765734430924422,0.21003712509004302
0.3651440046497838,0.547098001113707
0.36567999627141623,0.749469784020405
0.3539936783211166,0.9675873256923728
0.5446683449975953,0.13179528348304637
0.44999870971977124,0.3702170206422689
0.5711703004316604,0.47164623308769354
0.5455337700188442,0.6481700907398328
0.6201895191724827,0.9689420113321463
0.727894552137307,0.1374394541592385
0.6885993303340056,0.33152551141936604
0.7296135977863774,0.5533291627318804
0.7307782866109297,0.7594299773936494
0.8228914048886234,0.9688438745521453
0.8894338370219304,0.15995275105200932
0.9568421275944785,0.3481547325351354
0.9542480696293709,0.5217211045892028
0.9566543083002755,0.7127851251750905
0.9621958231861454,0.9010748664810255
