0.077785345778178,0.181406775165708
0.08803905723322832,0.4292553941947622
0.08484986841103477,0.5723258634277151
0.08199300168810686,0.776268225887414
0.11101376460034423,0.9434641962139397
0.2816240357527217,0.08893321728119839
0.3814008559897589,0.20552221685092395
0.3651506882417859,0.5471022922201834
0.365551990973381,0.7497309095135564
0.3504956451363385,0.9680243511732235
0.5475394628877311,0.13052150409841393
0.4507263512520208,0.3711821089220733
0.5711928010676632,0.4717624204219335
0.5455359882666971,0.6481687646757555
0.6197692888472764,0.9691933447135989
0.7224055970001746,0.13681368470000546
0.6885020733199557,0.3316760400344667
0.7295909208778014,0.5533077243054182
0.7305884469353215,0.7595949471737713
0.8222266162454247,0.9689305482456227
0.8538818121627046,0.14674033625068272
0.9567886079812724,0.3338503474751563
0.9543533595197357,0.5205761646443654
0.9566677110734476,0.7136956930162519
0.9616257748227853,0.9023265453387721
