0.07727288555954263,0.15742195774985934
0.08500904439986418,0.3681791796582386
0.08547095927165946,0.5360845460287157
0.08249598465851708,0.7618411775097507
0.11245778673880705,0.9417997886831789
0.2801422894942773,0.08775370336430917
0.3815510271455603,0.20375663825200127
0.36515140379108485,0.5470892006021242
0.36554518574838146,0.7496641089695557
0.35358374074884447,0.967873872658428
0.5453040446452658,0.13041593229854717
0.4503247594310457,0.37067441602818213
0.5709115725286453,0.4715246871036871
0.5455408825972708,0.6481502285975469
0.6198864256084853,0.9691788275553401
0.7171944202237744,0.1364453351451694
0.6884644697995818,0.3317142616202224
0.7295743035584492,0.5532902044892244
0.7305933382841188,0.7595688850238008
0.8217417249275113,0.969004522190747
0.8391917927355872,0.14285942626525744
0.9567004941881129,0.32823153159098545
0.954382787479084,0.5191998415950689
0.9566149834883934,0.7118997851891308
0.9611384281507718,0.9013746703507594
