0.07773924573009232,0.18164088346563234
0.08805239157338145,0.4289504598650886
0.08486924218596455,0.5716378473416823
0.08200105747452988,0.7756196596447289
0.11056494892969591,0.9428607832491178
0.2823917398617939,0.08946918236084116
0.3800601590138913,0.20698008709429275
0.36514774828896907,0.5470998647701911
0.36573445014202255,0.7494636239892069
0.3499614247803854,0.9677917184361394
0.5478381679823034,0.13086492069831462
0.4504723106452217,0.37085117481611196
0.5712560832265206,0.4717040329944377
0.545535695887874,0.648167811857695
0.6198767748164512,0.9690574479991534
0.7257953639083169,0.13699684950091837
0.6886253153406636,0.33144305854963524
0.7296096207560098,0.5533251894665203
0.7306893539387399,0.7595085552145989
0.8226447268780093,0.9688735093880116
0.8696288830861366,0.15218356295063581
0.9568580203403337,0.3401521734105451
0.9543007123329122,0.5212055487503442
0.9566730028706203,0.7134663040375386
0.9620008062573677,0.9018522788377865
