0.07508242630194871,0.13433113146365314
0.08221100444438806,0.2998681723181638
0.08654303964316844,0.5075769230860184
0.08282369622387724,0.7555729751032159
0.10474539269365978,0.9383866451523659
0.2835198406987423,0.09139198495515552
0.38545560675098545,0.21267565028882437
0.3643576749230608,0.5478562086929895
0.36622869885663223,0.7489391908350881
0.33412320260119055,0.9682563115632461
0.5430109453640248,0.13093800982135242
0.4659720785663195,0.393464584795682
0.5776950267608516,0.4723069149008704
0.545563020997302,0.6481727714617638
0.5911364986657082,0.9697639827820789
0.7133547877117603,0.12889014277870972
0.6956018854553173,0.31724332212321715
0.7297451949559234,0.553456918620044
0.7302744130939804,0.7590387533814188
0.7937582397716902,0.9683092920293807
0.8499039262493194,0.14129969593985006
0.9566942712883711,0.3292591770937399
0.9543956284076337,0.5190752603400879
0.9566788485359708,0.7125762142283958
0.9530519492342601,0.9072631584803854
