0.07778437769674937,0.18053461465839168
0.0879960068660026,0.4227831826975934
0.08495644362243633,0.5631655579304599
0.08218330315555762,0.7720791584191304
0.11299226485422946,0.9432108820494713
0.2804648712807968,0.08801443074115851
0.38179331078142276,0.20371523620868598
0.365151516743353,0.5470920094981581
0.3654561961326766,0.7497929550287455
0.35384190075044214,0.967973541132376
0.5460446428969445,0.13036786861607613
0.4503427474578318,0.3707039848275758
0.5709467101538882,0.4715600296774902
0.5455398330244735,0.6481540606712796
0.6198923566202508,0.969195259711994
0.7182046106353329,0.13654668326055844
0.6884837997313937,0.3316860787573332
0.729576517390129,0.5532926534068229
0.7305837754987629,0.75958224865707
0.8218155227649472,0.9689927442822338
0.8411095224359233,0.14316325823069068
0.956708361994708,0.3288282365741892
0.9543825555034906,0.5193994123973119
0.9566253489708304,0.7122609506342471
0.9612158898183205,0.9015835587401952
