0.07779189603382942,0.18134070387527504
0.08803523808508963,0.42906627242489404
0.08485547071587868,0.5721691667654794
0.08199365519228412,0.7762258440496024
0.11130133643696385,0.9435250752870267
0.2814421133325289,0.08878994628047966
0.381519921087941,0.20522578821226217
0.3651510054338837,0.5471014477732
0.3655300451750286,0.7497548279227423
0.35093826050689836,0.9680304113044023
0.5472998290238811,0.1304845429639336
0.45070510316969825,0.3711563247142115
0.5711593802053739,0.47175049102735844
0.5455364170584517,0.6481674503326298
0.6197798710348508,0.969203947170917
0.7216565240013944,0.13677297118207135
0.688483536451181,0.33170962057564696
0.7295873954942536,0.5533042823430835
0.7305804182473592,0.7596001403552692
0.8221480999010193,0.9689420091743645
0.8512729208354067,0.14596176253445084
0.956773374972885,0.3328534935975452
0.9543603908771279,0.520408669851421
0.9566623087010979,0.7135542890976828
0.9615501319595111,0.902276936668122
