0.07773904141450219,0.18194885906263686
0.08807396203751451,0.4280027700267048
0.08491040200001446,0.5699032629781972
0.08202515097602252,0.7739928151875978
0.1130951743815508,0.9424218561138072
0.2836510610379112,0.09024738258254193
0.37644455404027416,0.21014661848816077
0.3651439248994863,0.5470980861966454
0.3656652334032134,0.7494872029666398
0.35424961399364346,0.9675909422735213
0.5445476807042395,0.13183034670599145
0.449974475845164,0.370185292582871
0.5711642772713925,0.4716406548528649
0.5455335870515688,0.648170434430117
0.6202006652108052,0.9689411708768969
0.7279770156330444,0.137471275336801
0.6885999471970868,0.33152590333417237
0.7296136765171212,0.5533292553093405
0.7307791546864669,0.7594292990631166
0.8228903915225698,0.9688443586142775
0.8901574032189926,0.16017517529061479
0.9568388847592364,0.34835241894947117
0.9542476138855112,0.5217196857097134
0.9566532751946607,0.7127569271225362
0.9621934633078919,0.9010507264421288
