0.07779061720307631,0.1813557698235604
0.0880361264455268,0.42911540158751066
0.08485395750197135,0.5722122565630113
0.08199344923749514,0.7762393080080429
0.1112360176794717,0.9435137178963512
0.28148377226848964,0.08882261900696219
0.3814952685806041,0.20529398773553584
0.36515094394570613,0.5471016775266164
0.3655342629563057,0.7497506480940904
0.35083683958497436,0.9680301635816828
0.5473505211182342,0.1304925043116521
0.4507123652165473,0.37116524024574615
0.5711671923581418,0.4717542011282955
0.5455363115057366,0.6481677921910076
0.6197769624332152,0.9692021754588005
0.7218171753722181,0.13678184357764878
0.6884867258087506,0.33170400421945745
0.7295881168365885,0.5533049948148531
0.7305817800604595,0.7595993913051193
0.8221647869230079,0.9689395509069022
0.8518222326814843,0.14612473769959727
0.956776689193832,0.33306528428909865
0.95435894174659,0.5204470233894746
0.9566635811451589,0.7135905295675815
0.9615663467452876,0.9022918636205699
