0.07774041471516452,0.18163399331140728
0.08805194587128008,0.428975609341922
0.08486807447992598,0.571680225210151
0.08200056496183603,0.7756569144789911
0.11054457469950257,0.9428818648592772
0.28236297773974767,0.08945234735928452
0.3801339897728909,0.20691310457964968
0.3651478643199436,0.5470999967089216
0.36572943512191597,0.749471937437841
0.34992244380836357,0.9678015773029337
0.5478836897048615,0.13084600650859382
0.45048342746029885,0.3708659441016384
0.5712563223253063,0.471705701635386
0.5455356936943264,0.6481678870254534
0.6198695642684671,0.9690623751260466
0.7257191403133266,0.13699165370772665
0.688624246719075,0.3314448199552757
0.7296092501018607,0.5533248448397975
0.7306856774698506,0.7595118214654397
0.8226329234626794,0.9688750637074873
0.8690948436509479,0.1519690005481206
0.956856371668927,0.33991542860776325
0.9543027025398043,0.5211854962465379
0.9566732887953907,0.7134855387989495
0.9619907243161412,0.9018765241377557
