0.07772844865468818,0.1817361758973327
0.0880588060091742,0.428623135575405
0.08488402435859603,0.5710681996933422
0.08200832763094587,0.7750958241637069
0.11103726788893296,0.9426178838474659
0.2827994246276597,0.08970355879110482
0.3789418557239553,0.20798553247519935
0.3651462404246198,0.5470984602902504
0.3657757511123225,0.7493857975319166
0.3507951628108193,0.9676745813406309
0.5469387775157241,0.13115685753853676
0.4503296670397851,0.3706591536699338
0.5712430138256738,0.4716901660209828
0.5455355402489587,0.6481673629377435
0.6199814015744385,0.9690000456716875
0.7266176062891124,0.13707949375307055
0.6886214599399798,0.33145748584054735
0.7296126170611623,0.5533280187652782
0.7307324822642192,0.7594701540901565
0.8227785695928719,0.9688560539120173
0.8766189977798519,0.15509487370684338
0.9568705612322794,0.3433079584098073
0.9542757639714602,0.5214649245008909
0.9566681635027585,0.7132248037863143
0.9621133636593953,0.9015498817756813
