0.07780764606066007,0.18099780294833462
0.08801464876681915,0.4272945096507278
0.08491104639338282,0.5704022318995652
0.08200619123813475,0.7756423016016362
0.11271685536757235,0.9436273499898783
0.2806153752321338,0.08814115109425096
0.38182133563330656,0.20389221622009585
0.3651515324376908,0.5470940496000227
0.3654716240090807,0.7497859389141205
0.3532047025194887,0.967984911635386
0.5463691333361007,0.1303681446054143
0.4504119514846525,0.3707915955329741
0.5709854000212142,0.4716006558202152
0.5455391363971307,0.6481569965612725
0.6198668725891462,0.9692011983086525
0.718849549284432,0.1365960051503554
0.6884839575704909,0.33169182064948005
0.7295780006828789,0.5532943484560572
0.73058020935525,0.7595886424904811
0.8218712898550384,0.968984073920343
0.8426818900855454,0.14353121114340264
0.956717489519353,0.32942682772222154
0.9543802908991293,0.519582191294926
0.9566328093947322,0.7125330526690024
0.9612730767319659,0.9017383683628112
