0.07670027981750305,0.1490283401437598
0.08418312715267866,0.34509033544389295
0.08576598018542757,0.5278854065158474
0.08254791200093274,0.7608251045649732
0.11201931837825363,0.941515756238313
0.2801929185595895,0.08779304217217018
0.3815246514347583,0.20404244370722316
0.3651514024261839,0.5470885698745277
0.365619703275756,0.7495669562945084
0.3529661956282411,0.9678085295182896
0.5450866638016993,0.13043585945075514
0.45043180678965783,0.37080309569336256
0.5709299785723623,0.4715365556736238
0.5455411323374578,0.6481495134559667
0.6198633452594241,0.9691718274989669
0.7169781045694508,0.1363941539505606
0.688460866925553,0.33172043045638455
0.7295738689019634,0.5532897366363464
0.7305973708900789,0.7595642137130925
0.82172725625034,0.9690069319318004
0.8390052135508176,0.14290700718040988
0.9567007637624979,0.3282410066241731
0.9543812957857031,0.5191845265441792
0.9566129802934057,0.7118313413878747
0.9611226086154195,0.9013342935631248
