0.07773700807968943,0.18165511878974017
0.08805332243403544,0.4288990248582603
0.08487161524523891,0.5715505965396457
0.08200209376873388,0.7755420687087191
0.11061365741315143,0.9428186599151738
0.28245178644293123,0.08950402504150248
0.37990339606118073,0.20712208983977426
0.3651475107895861,0.547099604609259
0.36574396598312947,0.749447549919676
0.3500521904347322,0.9677718452835729
0.5477332376707571,0.1309052465110451
0.4504498107773024,0.37082117474636944
0.5712552478062513,0.4717009783124709
0.5455356953106668,0.6481676741992753
0.6198919319620185,0.9690475894589168
0.7259437912663379,0.1370076719914362
0.6886267456542365,0.3314410081840912
0.7296103082127234,0.5533258302155915
0.7306967192130167,0.759502005951171
0.8226681692505526,0.9688704275011191
0.8707195272517068,0.15262697134903264
0.9568611302925469,0.3406396956339109
0.9542966575280137,0.5212467416120266
0.9566723743105358,0.7134272165232813
0.962020763256666,0.9018030860288255
