0.07781991081245936,0.17844956335198975
0.08754329054938971,0.4171792117533196
0.0850540592073125,0.5547812635529955
0.08232952090553136,0.7666033128559452
0.11291419712369466,0.9425819272493879
0.2803433868244577,0.08792878081368859
0.3817375968643992,0.20364755721020947
0.3651514821166731,0.5470910415855931
0.36546346455781703,0.7497780031382214
0.3540000077633435,0.9679583513996388
0.5458416025143265,0.13037624344339993
0.45031195273263996,0.3706643626247114
0.5709292060525274,0.4715425372410587
0.5455401780972787,0.6481526827412336
0.6198993089874585,0.9691912224044208
0.7178746266744542,0.13651932596159244
0.6884801082067173,0.331690024986948
0.7295757889790812,0.5532918316699437
0.7305861559595107,0.7595785129209228
0.8217893807093358,0.9689968515001856
0.8403930219652453,0.14301907989834495
0.9567047927067093,0.32857603955287534
0.9543832068686057,0.5193195740708781
0.9566217396129748,0.7121323762027383
0.9611888092692324,0.9015097162559486
