0.0750886978199909,0.13410749922907322
0.0821354094873581,0.29878932418624454
0.08655071849697757,0.5065772776365031
0.08286239038624867,0.7548407761378513
0.10396744287810553,0.9379786769515757
0.2842339790043236,0.09214309226569138
0.38624823664828445,0.21458690804309713
0.364251764572468,0.5479515248018028
0.36657899715113884,0.7483366324140176
0.3296317089529073,0.9684492369056491
0.5422014997015729,0.13086175345886938
0.4727949193196998,0.39592240924635524
0.5757102938964139,0.4716531320912519
0.5456403843722628,0.648238475146652
0.5835572106536446,0.9695928409805166
0.7129992437288887,0.12719227104740385
0.6981220412998265,0.309373866282966
0.7297543606411385,0.5534674789302487
0.7302732566670077,0.7587752651169261
0.7887794636243628,0.9681789796041703
0.8515452925384288,0.13999784075730073
0.9566853180124015,0.3289638358408826
0.9544050414636649,0.5190130246998728
0.9566929472469498,0.7128839403734779
0.9514044729804778,0.9085579011764251
