0.07777973270762369,0.1814476261688198
0.08804131868143314,0.4293283092611899
0.08484818216307402,0.5723684342434026
0.08199300140832148,0.7762649278306627
0.11083727405225823,0.943407431708325
0.28173638709985166,0.08902199805452424
0.3813060535163637,0.20570401697489654
0.36515041200510595,0.5471025435504506
0.3655715782420746,0.7497064009658728
0.3502305899619155,0.9680116474867037
0.5477106394271297,0.130548481468919
0.4507221612105424,0.3711762281549296
0.571211989845593,0.4717630286345274
0.545535781929544,0.6481692778392001
0.6197670070107096,0.969181952534671
0.7229396073980829,0.1368418845927389
0.6885204020203795,0.3316417665774918
0.7295936691057315,0.553310350641492
0.7305969396236415,0.7595884711787417
0.8222839936907951,0.9689223497502273
0.8558277137324842,0.14733117939238935
0.9567991509168755,0.33458346405584516
0.9543478379488884,0.5206792563146656
0.9566707006582567,0.7137525935931521
0.9616799469104278,0.9023295055866676
