0.07772644872270176,0.18178302509748118
0.08806207463705497,0.4284744690177096
0.0848904873823514,0.5707992644808451
0.08201210098921576,0.7748399714149478
0.11138009183049916,0.9425323788858795
0.2829975888168135,0.08982010710223272
0.3783640174406855,0.2084960018580121
0.36514558466709074,0.5470980517967297
0.365776446921202,0.7493738796587335
0.35137741158426244,0.9676325656054098
0.5463977252235849,0.1313108477320077
0.4502607792039658,0.3705658734240231
0.5712309545926989,0.47168519215786636
0.5455353179780323,0.6481675452935094
0.6200332848645393,0.9689789964341216
0.7269304334136759,0.13713648752507782
0.6886137247554466,0.3314775489860725
0.7296131201889982,0.553328528169984
0.7307485382755254,0.7594558770442339
0.8228256589833576,0.9688500985819649
0.8798215206022681,0.15642680700819728
0.9568695691594291,0.3447073404721164
0.9542659263632113,0.5215682655693235
0.9566653786010524,0.7131199985507793
0.9621517181200142,0.9014226340419108
