0.07780690617216207,0.18096905179388484
0.08801356646412332,0.42703226705009006
0.08491890948036568,0.5701204739649682
0.08200878063401966,0.775576578990456
0.11277983080717026,0.9436260703592824
0.2805909272372153,0.0881204677651235
0.3818215323326073,0.20385797931212726
0.36515153434295156,0.5470937172802791
0.36546844343477036,0.7497879384564655
0.35330910553489603,0.9679834891024638
0.5463227072834197,0.13036689030861565
0.4504001615617834,0.3707767499661388
0.5709789436641939,0.4715938306795324
0.5455392490331564,0.6481565195770679
0.6198710623806318,0.9692003452519152
0.7187466536930901,0.13658841702777652
0.6884844088157753,0.33169002360115707
0.7295777558616438,0.5532940688443342
0.7305807202053557,0.7595876744215659
0.821862063834434,0.968985502605858
0.8424175389210223,0.14346566026189064
0.9567158658763691,0.32932333261377306
0.9543807343206189,0.5195513465135649
0.9566316012315973,0.7124887012635623
0.9612636549577142,0.9017132777011647
