0.07761904185556313,0.17020014103588346
0.08646291264678532,0.3996554976430981
0.0852259360338906,0.5464130336200995
0.08242058179653504,0.7634748099364029
0.1127634558345391,0.9421297550344362
0.28014579673357226,0.0878069622256126
0.3816368656368218,0.20362996793436763
0.36515143601721317,0.5470900323064777
0.3654904023103612,0.7497380120671677
0.3539542063526077,0.9679264687789706
0.5455717075359435,0.13039399233866536
0.45029570349517284,0.37064167485322475
0.5709144639578314,0.47152830534092965
0.5455405535139096,0.6481512922492227
0.6198990072589395,0.9691856039865138
0.717505805704176,0.13648495077900868
0.6884727211421415,0.3317008616554379
0.7295749883620939,0.5532909451375927
0.7305894261781126,0.7595738518513921
0.8217625712093325,0.969001117044389
0.8396816264824953,0.14290156461240291
0.9567018402338808,0.3283502715420421
0.9543834097351168,0.5192455022091488
0.9566179720357554,0.7120013019282051
0.9611607294997615,0.9014339379096634
