0.07779404187347035,0.1807454733237392
0.08801107321914296,0.4244696119293043
0.08496211504124639,0.5666120812829042
0.0820801582662591,0.7742236532947381
0.11298562902188591,0.9434615410863695
0.2805010290251693,0.0880437613508261
0.38180685084898364,0.2037482384047879
0.3651515281550344,0.5470924543641136
0.36545699980613033,0.7497946393682408
0.35372021560833716,0.9679776063777864
0.5461247165893537,0.1303662117216889
0.4503573845139768,0.3707226232901108
0.5709549717718497,0.4715685553444941
0.545539678658694,0.6481546987659782
0.6198874738312529,0.9691967898481227
0.7183489364704626,0.1365581096509791
0.6884845635215486,0.33168599548568584
0.729576841292325,0.5532930223616447
0.7305828610990697,0.7595837821430349
0.8218275276325953,0.9689908684390055
0.8414430533789209,0.14323627509710676
0.9567101725575228,0.3289510404772301
0.9543821584931593,0.5194377076117886
0.9566269849086037,0.7123200674586762
0.9612282607446052,0.9016173607551933
