0.07779619973576268,0.18127934309026408
0.08803152455197498,0.4288389462624377
0.08486264356474058,0.5719604279189296
0.0819947762512791,0.7761547200876531
0.11156554391322446,0.9435606816128409
0.2812712852795406,0.08865688736691586
0.3816100087628212,0.2049446691332091
0.36515120708381327,0.547100342426614
0.36551605067408793,0.7497665925316944
0.3513525259377614,0.9680268659678412
0.5471122324215189,0.1304540644874371
0.4506645629256208,0.37110626761162074
0.5711266975132883,0.4717306095305104
0.5455368811282149,0.648165858350889
0.6197935716454249,0.9692083599637986
0.7210474465991209,0.13673845157561548
0.6884755261417856,0.331722669265934
0.7295848423655952,0.5533017176235379
0.730576891041296,0.7596013003524541
0.8220854586704259,0.9689513357150263
0.8492373382263594,0.14536169912195776
0.9567606250311049,0.33205811667280555
0.9543656276168208,0.5202511079452405
0.9566569609465033,0.7133892636630905
0.9614886609319385,0.9022006229257922
