0.07780110737619814,0.18118825422296514
0.08802580049778719,0.4284412505839008
0.08487530825070777,0.5715766562558414
0.0819971697028827,0.7760144586130585
0.11195861780136322,0.9435933684841001
0.28101722267263923,0.08846064500113818
0.3817194404176742,0.2045260844750641
0.36515140018366965,0.5470983233447311
0.3655006153944555,0.749774630384378
0.3519779057873372,0.9680134451410168
0.5468645072041766,0.13041398880483074
0.4505817302478493,0.3710035391099883
0.5710762001338029,0.47169020789541266
0.5455376454653051,0.6481630226219637
0.6198173450202236,0.9692091839889218
0.7202276663866644,0.13668916497970918
0.6884742236831206,0.3317209099025471
0.7295818725217383,0.5532986250498488
0.7305757283356226,0.7595991242392444
0.8220027861082873,0.9689638474466893
0.846623348384913,0.14460341402117438
0.9567434054762474,0.33101318123769075
0.9543720161903883,0.5200121347401344
0.9566486230617259,0.7131063013263057
0.9614062802712117,0.9020548251684901
