0.075585991564589,0.13938051396641904
0.08319312187299736,0.3172702843421001
0.08624584580659038,0.517180190207631
0.08263053284893704,0.759217718458935
0.11042033417359835,0.9407757662488218
0.28080193975400647,0.08838453155242168
0.38194976408446696,0.20590822936426673
0.36515060535104815,0.5470881302320533
0.3658800953894612,0.7492353185155761
0.3506309145327352,0.9675977045197084
0.5446585317706797,0.13048033351354063
0.45150456771431846,0.37213981800645934
0.5712685088853008,0.4717111578034481
0.5455411198289717,0.6481476979568204
0.6195969823293658,0.9692374844269083
0.7165139749432987,0.13600665964224054
0.6885523428215032,0.33155702392641684
0.7295783127724834,0.5532937690054253
0.730558433118507,0.7596011109944477
0.8213935852104947,0.9690230457240895
0.8397523960642517,0.14345047390097462
0.9567061573594011,0.3287166969766407
0.954375225288459,0.5192036084743464
0.9566104578083422,0.7116962588852226
0.9609217273279612,0.901357444238302
