0.07778777752905462,0.1806231379822084
0.08800460059395517,0.42336770720983036
0.08495787276992638,0.5644453348289684
0.0821464110985374,0.7729236748849292
0.11299572289634871,0.9433062684554361
0.28047756959033754,0.08802448836539066
0.38179843223357324,0.2037259329748814
0.365151520952806,0.5470921558093653
0.36545616990435026,0.7497938697216174
0.35380508463908444,0.9679750445250705
0.5460717369455708,0.13036719288425075
0.4503475573699404,0.3707101182659281
0.5709494199842035,0.471562808577006
0.5455397819951617,0.6481542702376729
0.6198908623489604,0.9691957846227875
0.7182524773572566,0.13655050178446942
0.688484108808875,0.331685944530714
0.7295766244652696,0.5532927751720751
0.7305834628246252,0.7595827651656571
0.8218194694033121,0.9689921269498224
0.8412188717354151,0.1431868349118419
0.956708946301978,0.3288681754926811
0.9543824310534857,0.519411905735322
0.9566258883428501,0.7122803884608563
0.961219960940088,0.9015946830840782
