0.07777653494994924,0.18146690943451052
0.08804236340509655,0.42934633718018633
0.084848061863263,0.5723680867406074
0.08199315117939425,0.776251503505182
0.11075668620633546,0.9433733795708387
0.2817900803270214,0.08906413754234135
0.3812515151577665,0.20579129718522393
0.3651502513963188,0.5471025630305387
0.3655830947136619,0.7496911463948328
0.35011217889124335,0.9680020669248223
0.5477956874612291,0.1305632446224704
0.4507140110351594,0.3711656443533211
0.5712204344961861,0.47176106729224704
0.5455357070655797,0.6481694133614164
0.6197678403516979,0.9691747539555912
0.7232149202889221,0.13685623767180105
0.6885311448880893,0.3316214642686499
0.7295951526549574,0.553311753146972
0.7306022838328982,0.7595841788674599
0.8223142129746478,0.9689180923961755
0.8568673575678879,0.14765217305984998
0.9568045207699437,0.33497423729097203
0.9543447747121491,0.5207280730330036
0.9566719482904179,0.7137674942531819
0.9617080874131974,0.9023200544727216
