0.07780780492529378,0.18103138272169278
0.08801623699954007,0.42756272327122513
0.08490278568513747,0.5706843471716269
0.08200382938653081,0.7757118098550245
0.1126222366869916,0.9436254024966524
0.2806545123598266,0.08817383854187812
0.3818184589778362,0.20394927857874026
0.3651515277598528,0.5470945594418606
0.36547606436795954,0.7497834093903507
0.3530497674528812,0.9679874405950499
0.5464367243232879,0.13037081098474382
0.45043053590272564,0.37081494537894083
0.5709954436544502,0.4716112155455968
0.5455389630947335,0.6481577250451732
0.6198606327460522,0.9692024695695365
0.7190068204253931,0.13660741682648106
0.6884830407643338,0.33169496771375623
0.7295783838761362,0.5532947845897949
0.7305794518578402,0.759590098942912
0.8218855861095582,0.9689818619961609
0.8430950209993749,0.14363594645148522
0.9567200775673711,0.3295900569737021
0.954379558146237,0.5196301441203446
0.9566346591818466,0.7126009949912817
0.9612876587288196,0.9017766793884544
