0.07773126498416422,0.18170172554724423
0.08805644422518151,0.42873696783267556
0.08487896930646044,0.5712701257260165
0.08200562128088211,0.7752855188762947
0.11082914403849466,0.9426950258381602
0.28265152351357803,0.08961851297978415
0.379360676190421,0.207611292977371
0.36514676127467566,0.5470988769905316
0.36576692851971715,0.7494057699837084
0.35043587072975096,0.9677123582007243
0.5473081104905747,0.13104644303269683
0.45037971287187367,0.37072691148034326
0.5712496453772996,0.4716938517899654
0.5455356395704685,0.6481673971258854
0.6199430422840325,0.9690184805141133
0.7263595347542897,0.1370458915321742
0.6886257449868189,0.33144610025821186
0.7296119184478688,0.5533273456058295
0.7307185558001019,0.7594825600839938
0.8227362688645862,0.9688615230768791
0.8741721445689764,0.15406406533719286
0.9568683158667016,0.3422035115330258
0.9542841156801194,0.5213768240067423
0.9566700577750346,0.7133067752246287
0.9620781984048158,0.9016519047194497
