0.07773299862409429,0.18168552033596266
0.08805534780847447,0.42879217988746765
0.08487648436561271,0.5713666422267296
0.08200437484543088,0.7753748940883364
0.11074510562320171,0.942735497334958
0.28258179902286756,0.0895786402889367
0.3795534543201325,0.20743800230693024
0.36514701643778075,0.5470991082574417
0.36576037835300734,0.7494183854820353
0.35028838111311766,0.9677320006297674
0.547467842058026,0.1309960249506343
0.45040359881546,0.3707591470877357
0.5712520583867399,0.471695933350057
0.5455356687920205,0.6481674631033423
0.6199251001185643,0.9690280489819059
0.7262254385850697,0.13703189472977226
0.688626898038682,0.3314426325974257
0.72961145807853,0.5533269091778987
0.7307113606383449,0.759488970385041
0.8227140526914175,0.9688644181908004
0.8729914170255907,0.1535684609217514
0.9568663536982039,0.34166711670895844
0.9542883305725021,0.5213327103555078
0.9566709000222489,0.7133473084442729
0.9620595571247358,0.9017027004108733
