0.07773047499533595,0.18171008315037132
0.08805701354409716,0.42870893447214653
0.08488022280247952,0.5712207530883177
0.08200627120151621,0.7752394362809124
0.11087603688602679,0.9426752018559694
0.2826874856422056,0.08963910654510499
0.37926001222950967,0.20770153746629696
0.3651466321437058,0.5470987666313881
0.36576970755763016,0.7494000664088308
0.35051743879378616,0.9677026867554908
0.5472218039841302,0.1310728760147513
0.45036751807854886,0.3707104209657827
0.5712482199053144,0.4716928896125104
0.5455356202071205,0.6481673756453832
0.6199523334632637,0.9690137724174231
0.7264251701682586,0.13705351511848646
0.688624899838538,0.3314484295088539
0.7296121203349228,0.5533275383732794
0.7307221036758919,0.7594793989905276
0.8227471389716241,0.9688601113021168
0.8747734070159556,0.15431728560540925
0.9568691007793703,0.3424762910609736
0.954282010420048,0.521398969673061
0.9566696106120229,0.7132863961548952
0.9620872800245858,0.9016264285230556
