0.0777277580128384,0.181855560211419
0.08806724078283698,0.42825583452832144
0.08489975200012341,0.570393971170201
0.08201800475116122,0.7744540233535966
0.11203752373457983,0.9424455729704798
0.2832932324561619,0.0900036854771231
0.3774840026555549,0.20925987463405096
0.36514471374716234,0.5470977760063692
0.3657505507095295,0.749392105319686
0.3524808248006743,0.9675917215159178
0.5455443174460167,0.13154801097351956
0.45014569247892045,0.37041130916820103
0.5712059745757142,0.4716729004433529
0.5455347525329137,0.6481683600412274
0.6201106851713605,0.9689553762411867
0.727380412277839,0.13725692921123941
0.6886028787630959,0.33150779739452796
0.7296133653728032,0.553328835959876
0.730766982413602,0.7594396080900391
0.8228743822488013,0.9688444420595215
0.8845191891369583,0.15826876108880825
0.9568602482159128,0.34656901282897545
0.9542546450917775,0.5216792736604569
0.9566605521051994,0.7129637972788352
0.96218897451042,0.9012467569098621
