0.07779797750513481,0.1812485651833892
0.08802961257433499,0.42871154952132284
0.08486670643115933,0.5718393784370546
0.08199549156876051,0.7761112853276411
0.11169763121487632,0.9435737584371413
0.28118517945402327,0.0885902729879498
0.381650076826959,0.20480255771063632
0.3651512844443871,0.5470997041289044
0.365510370165944,0.7497702032387098
0.3515616373597918,0.9680231199228426
0.547026318298518,0.13043980786275797
0.45063899712781763,0.3710746021644313
0.571109867124189,0.4717182199455118
0.545537130570064,0.6481649573026047
0.6198012388004083,0.9692092613317677
0.72076234665209,0.13672172678551764
0.6884739422871401,0.33172438262348336
0.7295837484994624,0.5533005943105617
0.7305760593806742,0.7596009929433818
0.8220564705108958,0.9689556992712287
0.8483106568959679,0.14509084986298898
0.9567546054989281,0.33169042811554733
0.95436794078056,0.5201711044283013
0.9566541952935996,0.7132980535315161
0.9614599222923527,0.9021550075135374
