0.07774931269400989,0.1815894040273287
0.08804915853019663,0.4291379066959917
0.08486038946336659,0.5719506944014364
0.08199758425298023,0.7758879170511833
0.11046931311785356,0.9430270171320907
0.28218429486177043,0.0893442301727297
0.3805692842742488,0.20651574365257075
0.36514862027052136,0.5471009208767709
0.36569121965039,0.7495329595123409
0.34975834104815745,0.9678676089083984
0.5480788793140233,0.13073556517835763
0.45055845731812777,0.3709646970887087
0.5712548822121,0.47171977812403887
0.5455356498695634,0.6481684824961228
0.6198261371324453,0.9690961964525088
0.7251485827667551,0.13695736800784214
0.6886103096909076,0.33147038674949836
0.7296062127779155,0.5533220324763698
0.7306605073380766,0.7595341057189836
0.8225497126085533,0.9688860714712941
0.8655616771943333,0.1506007461163559
0.9568437516271787,0.338391741133056
0.9543157666412336,0.5210559694244776
0.9566747167534851,0.713610905908161
0.9619190009312776,0.902036501927767
