0.07780768841333008,0.1810408286045166
0.08801673662765494,0.42763079386240443
0.08490066982419603,0.5707551851448284
0.08200326069902314,0.7757308245783714
0.11259077098428158,0.9436243101488816
0.2806682691476919,0.08818520286219769
0.3818168301565451,0.20396983690660622
0.36515152567427267,0.5470947321424876
0.3654774563768907,0.7497826900755075
0.35299849933781663,0.9679883876366003
0.5464587404225293,0.13037190675386098
0.4504369658420378,0.37082301123896416
0.5709988866244065,0.4716148130120298
0.5455389042156885,0.6481579709545392
0.6198585618640852,0.9692028885556736
0.7190600615311992,0.1366112303906891
0.6884826799732623,0.33169611944482136
0.7295785163296055,0.5532949348199713
0.730579203404254,0.7595905838066374
0.8218904761996308,0.9689811059189083
0.8432372927930264,0.1436726009703735
0.9567209812411376,0.32964661914994453
0.9543792956277278,0.519646561310671
0.9566352854203073,0.7126239921233735
0.9612926417588905,0.9017896101405173
