0.07780073528665095,0.18119565613305896
0.08802627152184415,0.4284757866920674
0.08487421311448948,0.571610597450947
0.0819969440078624,0.7760271028282412
0.11192629400664907,0.9435912917591551
0.2810376818732161,0.0884764448327459
0.38171161118813307,0.2045596435652762
0.3651513882665971,0.547098501178202
0.3655017542832284,0.7497742190033854
0.3519261535969822,0.9680147546847698
0.5468842715005543,0.13041698727662202
0.45058916840818797,0.3710127782443726
0.5710803740496468,0.4716938809957763
0.5455375805702121,0.6481632713490695
0.6198152995085615,0.969209305897574
0.7202920738278517,0.13669317844935694
0.688473994196036,0.3317217355952196
0.7295820864838297,0.5532988526956203
0.7305756904940918,0.7595994315770562
0.8220091980727036,0.9689628701093483
0.8468227755320261,0.14466052178054412
0.9567447401174777,0.33109365286882075
0.9543715452621659,0.5200318021617143
0.9566493180335366,0.7131306803246651
0.9614127134896914,0.9020678026302018
