0.07548314937708127,0.1385242007409772
0.08307078754406454,0.31465922350941916
0.08629544529721742,0.516038590090168
0.08264297861728827,0.7589780902339959
0.11006358979279554,0.9406279984878381
0.28096687363227296,0.08855062816418213
0.3821202613170533,0.20641183511806263
0.3651495626261897,0.5470889399414537
0.3659318343546029,0.7491715104410551
0.35009915971322864,0.9675620234757708
0.5445958818010527,0.1304911706225198
0.45190701773986447,0.372660312162564
0.5714465259809455,0.47178627505260445
0.5455408220373186,0.6481471291941029
0.6193267201320215,0.9693126011355154
0.7163949761569459,0.13584821475707884
0.6886148849533986,0.3314437744797919
0.7295824267059098,0.553297600604315
0.7305171110586366,0.7596416587403152
0.8210420669723695,0.969026196266619
0.8400878645786081,0.14360145185101952
0.9567074392758936,0.3288422032158524
0.9543744585633441,0.5192071375265381
0.9566109890521659,0.7116809933995536
0.9607713346548336,0.90144031016702
