0.077795229693397,0.18129476690180407
0.08803247130693351,0.4288997072559302
0.08486071106847433,0.572017315628645
0.08199445481135392,0.7761747180706576
0.11149933424670912,0.9435530809895193
0.28131437113478497,0.08869031848017266
0.38158872316791426,0.20501573021958738
0.3651511628565576,0.5471006428931015
0.3655191781421511,0.74976429107886
0.35124817145399306,0.9680283206081527
0.5471569866960597,0.1304614612990029
0.4506761940077882,0.37112065581992615
0.5711350293519116,0.47173625515186385
0.5455367599722272,0.6481662857232203
0.6197899020606936,0.9692076134930108
0.7211947578832704,0.13674694174961824
0.6884768738197504,0.3317207069662047
0.7295854330531926,0.5533023176200236
0.7305775175357246,0.7596012539894419
0.8221005216251351,0.9689490795998698
0.8497228334636334,0.14550423824214762
0.9567637290098264,0.332249368984518
0.954364397564234,0.5202909402380023
0.9566583270485491,0.713433033403115
0.9615035246517871,0.9022218187427294
