0.07779920096909457,0.18122568621166457
0.0880281746934568,0.42861204938363057
0.08486987954899446,0.5717434881102994
0.08199608526484792,0.7760762645338418
0.1117961068007245,0.9435819910637127
0.28112122077477836,0.08854090319399409
0.3816778440458726,0.2046970701107701
0.3651513335328616,0.5470991992954025
0.3655065122246867,0.7497722137301878
0.3517182593154364,0.9680197495455412
0.5469644359226545,0.1304296604496053
0.450618247878352,0.3710488730956915
0.5710971940691271,0.47170813186542837
0.5455373220526477,0.6481642486254133
0.6198071935193479,0.9692094909885676
0.7205565087855252,0.13670938825840884
0.6884735872462581,0.33172400560731485
0.7295829993032663,0.5532998148331426
0.7305757524420239,0.759600463107522
0.8220356880634957,0.9689588439368106
0.8476528264157086,0.1448997724675656
0.9567502683701411,0.3314274546473691
0.9543695527038489,0.5201111497737572
0.9566521056014721,0.7132272210117496
0.9614392174119485,0.9021185564633918
