0.07776556307770674,0.18152067129106164
0.08804525020642665,0.4293237988842048
0.08485072573096304,0.5722749446194076
0.08199427895023458,0.7761562357502476
0.11056151901716686,0.9432469478882307
0.2819472710106211,0.08918365386759447
0.38104145711109244,0.20605604337042777
0.3651496671986308,0.5471021945638378
0.36562460066378966,0.7496329790118956
0.3498390101413373,0.9679587309402585
0.5480169754244513,0.1306173139116236
0.45066587986924134,0.37110374638501414
0.5712406121386241,0.47174733568768057
0.5455355981697733,0.648169349087666
0.6197804540910178,0.9691467840381787
0.7240580914417354,0.13689979355480433
0.6885670994328696,0.33155292713766016
0.7295999121870639,0.5533162026803529
0.7306230033781724,0.7595667983680103
0.8224106696726398,0.9689047613199624
0.8602736524456843,0.14874234929433738
0.9568210249252093,0.3362682861737999
0.9543341217377299,0.5208666294714693
0.9566744815860586,0.7137534608285632
0.9617961507735978,0.9022436634238672
