0.07777541309307488,0.18147316883900325
0.08804270022613696,0.4293495021343775
0.08484813392817211,0.5723645981158932
0.08199322494407857,0.7762451066063878
0.11073126594073149,0.9433611411934877
0.28180769902651487,0.08907787282571189
0.3812319639308611,0.2058201233710536
0.36515019426712214,0.5471025533705693
0.3655871976686562,0.7496855973591514
0.3500752985015312,0.9679983523618965
0.5478234122783958,0.1305684343423214
0.4507103888982187,0.3711609692316054
0.5712230652230279,0.47176009261918056
0.5455356864824883,0.6481694404015765
0.6197684574745032,0.9691721203358781
0.7233076432491097,0.1368610503737028
0.6885349179057814,0.3316143085099451
0.7295956613789123,0.5533122320531123
0.7306042368670317,0.7595825832388826
0.8223245093495631,0.9689166511136817
0.8572241942957874,0.14776341177366376
0.9568063249929092,0.33510852270514363
0.9543437037735142,0.5207439767975809
0.9566723225727684,0.7137703185236078
0.9617176140431231,0.9023151662343575
