0.07778123140432525,0.17311646156102362
0.08666912669700463,0.4061565676511957
0.08517533418913613,0.5487782986945675
0.08239809515476129,0.7640709998908477
0.11281319745694324,0.9422266763574387
0.280183016805636,0.0878351403991521
0.3816635936762588,0.20362119021554217
0.3651514478565718,0.5470902770283478
0.36548109813652874,0.7497511974447559
0.3539941058640628,0.9679364810013633
0.5456430962078433,0.13038880522114354
0.4502965005888277,0.37064339620539305
0.5709174116072401,0.4715311296768072
0.5455404606648997,0.6481516215680069
0.6199001277149271,0.9691871525158844
0.7175969079518693,0.1364940666939079
0.6884748612204523,0.33169755569868775
0.729575186554821,0.5532911626295629
0.7305885284606033,0.7595750804336616
0.8217689724740168,0.9690000908814667
0.8398474635009321,0.1429255812049883
0.9567024577935744,0.3283996158178965
0.9543834253810082,0.5192621345381858
0.9566188779680346,0.7120324886915124
0.9611674759359724,0.901452021456852
