0.07777426437592316,0.18147934725258627
0.08804303189529394,0.4293512339738712
0.08484826258923651,0.5723593982084783
0.08199331103772103,0.776237708583376
0.11070665126580853,0.9433484516024297
0.28182521252524734,0.08909146517844549
0.3812116300533656,0.2058489131912034
0.36515013527701323,0.5471025356508501
0.3655914325824378,0.7496798148348974
0.35003984808612243,0.9679943690224575
0.5478506522196249,0.13057378390903987
0.45070631848679765,0.3711557247247176
0.5712256012190955,0.47175896464161404
0.5455356680896696,0.64816945847953
0.6197692557762491,0.969169368026787
0.7234007551412936,0.13686587439321893
0.688538772537385,0.33160698663396065
0.7295961764922947,0.553312716025237
0.730606277072309,0.7595809038666635
0.8223349154861045,0.9689151991466869
0.8575862820788127,0.14787690433124495
0.9568081364297233,0.3352449560767725
0.9543426065646397,0.520759714102344
0.9566726749299374,0.713772050662448
0.9617272107700998,0.902309388508722
