0.07772647256886611,0.18182348041657567
0.08806494244820806,0.4283507475112577
0.08489575763245459,0.5705714225204935
0.08201540078017786,0.7746226540164153
0.11172834525255389,0.9424769261332571
0.28316435708978077,0.08992194021424249
0.37786846259305673,0.20892806601201325
0.36514507480895037,0.5470978438522852
0.3657661828722378,0.7493783332747281
0.3519631049822002,0.9676058727260485
0.5459189208016466,0.13144408925464837
0.4501982673757466,0.370481659078884
0.5712179185197157,0.47167936541274397
0.5455350376877215,0.6481679177064381
0.6200770711138662,0.9689644747285425
0.7271831635833224,0.13719853938763524
0.6886071338932266,0.33149532575782026
0.7296133009524247,0.5533287386921195
0.7307597881880444,0.7594459227507094
0.8228565683410894,0.968846382362858
0.8824792389373883,0.15749124166650974
0.9568653813430448,0.34579588607503414
0.954259013489781,0.5216382836416992
0.9566627698619405,0.7130326736407173
0.9621759353102585,0.9013217185646063
