0.07777853445491023,0.18026123607717143
0.08795661120964231,0.42155165111865056
0.08496746504991483,0.5604994102796198
0.08224594937267406,0.7702579095226697
0.11297501320984177,0.9430098267925224
0.28043656912628884,0.08799298874087219
0.3817810458645849,0.2036945626044153
0.3651515076936608,0.5470917230734461
0.3654570435325113,0.7497901720579704
0.35390424643046897,0.967970075413162
0.5459891473429703,0.13036960009769835
0.4503333508796052,0.37069197232196094
0.570941429222037,0.4715546682146551
0.5455399337364214,0.6481536511758691
0.6198949528552771,0.9691941697873724
0.7181095159309475,0.13653900106308853
0.688483017295557,0.3316866693122005
0.7295763057037166,0.5532924133574658
0.7305844218555041,0.759581202306169
0.8218077910272568,0.9689939555486978
0.8408961651874125,0.1431183545139373
0.9567072499646975,0.32875130568721667
0.9543827810875142,0.519375241539021
0.9566242880612638,0.712222882357857
0.9612079021579147,0.901561742724569
