0.07780220788207358,0.18116633240903815
0.08802440337147373,0.4283367645985728
0.08487861203151088,0.5714733756803327
0.08199787173294185,0.7759758438077894
0.11205503509006809,0.9435991162863505
0.28095712864428796,0.08841415687740034
0.38174138084692955,0.2044278269082054
0.3651514320362275,0.5470977844599663
0.3654972779918753,0.7497757182335067
0.35213256545436095,0.9680094330860287
0.5468055409659291,0.13040543958014764
0.4505592011399309,0.37097553839793806
0.5710637910152367,0.47167899779930567
0.5455378401295675,0.6481622688986244
0.6198235075902497,0.9692086629729513
0.7200383144370472,0.13667720848327897
0.6884751503149138,0.3317179465737299
0.7295812621630343,0.5532979709361187
0.730575951127334,0.759598102131437
0.8219840385516779,0.9689667108038281
0.8460437333662909,0.1444384322325316
0.9567395192269464,0.33077885367994403
0.9543733652237626,0.519953680810822
0.9566465472402509,0.7130328584499234
0.9613874328950748,0.9020154020058916
