0.07773210711301992,0.18169353809905173
0.08805588898729318,0.42876471720624626
0.08487772304998302,0.571318756521854
0.08200498917384644,0.7753306768677748
0.11078552899739373,0.9427151377200762
0.28261628584632587,0.08959835884936913
0.37945851173749356,0.20752342067562765
0.3651468894197458,0.5470989909652957
0.3657638106064111,0.7494118875631839
0.350359564679386,0.9677221375556794
0.5473901615658459,0.1310208214612543
0.45039173342506944,0.37074314602251307
0.5712509234310297,0.4716948627483135
0.5455356556898978,0.64816742643327
0.61993396239926,0.9690232418742579
0.7262929870303639,0.13703870057140538
0.6886264152945001,0.3314441602854427
0.7296116977709508,0.5533271359425402
0.7307149730026731,0.7594857522236543
0.8227252342789558,0.9688629595840212
0.8735781090785081,0.1538143671760415
0.9568673969854218,0.341933665372463
0.9542862239606952,0.5213547166252
0.9566704875707139,0.7133270807735643
0.9620689522353929,0.9016773348166702
