0.07775884599771221,0.18154898012921422
0.08804680760106152,0.42926475980501166
0.08485403748531412,0.5721650095637464
0.08199539050781746,0.7760644791666251
0.11049463476784126,0.9431614827927436
0.2820386897666532,0.0892486096330946
0.38087917663412707,0.2062230696739637
0.36514926977146644,0.5471017458559273
0.365651460121702,0.7495935038067001
0.3497581642108881,0.9679250160969067
0.548089573709244,0.13065795603064845
0.45062577674566257,0.37105208471315654
0.5712483285718528,0.4717362214983848
0.545535602086515,0.6481690590136979
0.6197951691324721,0.9691272872847556
0.7245238475693304,0.13692392786413818
0.6885869978995957,0.33151482175648955
0.7296026206994853,0.5533187128713363
0.7306374442471021,0.7595543230888931
0.8224675126267329,0.9688970609506239
0.8623665354550323,0.1494507007234547
0.9568304473672113,0.3370873220150169
0.954327098338099,0.520942562046722
0.9566750201180836,0.7137088853794146
0.9618468942148721,0.9021704085776847
