0.07779103672878562,0.18069137813842334
0.08800907219793869,0.4239329232551384
0.08496076094779734,0.5656080652418154
0.0821106912811997,0.7736489431518415
0.11299380412781825,0.9433911866673267
0.280489553429453,0.08803423261582759
0.3818029311716964,0.2037369158035866
0.36515152481083357,0.5470923041303628
0.36545643341592826,0.7497944368434921
0.3537644478264406,0.9679764001006839
0.5460984219545397,0.1303666413385999
0.45035243613671855,0.37071633055576053
0.5709521741041157,0.4715656509400899
0.5455397305310244,0.6481544829666401
0.61988923353418,0.9691962949593284
0.718300580393613,0.13655430969755328
0.6884843632237538,0.3316859172008344
0.7295767324162897,0.5532928981446353
0.7305831578323054,0.7595832765325398
0.8218234707668566,0.9689915016983058
0.84133003860984,0.14321117117651563
0.9567095497567198,0.32890910732760414
0.954382298753571,0.5194246711349151
0.956626433660118,0.7123000948813677
0.9612240843738683,0.9016059509727521
