0.07780780242427203,0.18101005108278168
0.08801519093808147,0.42739713965715714
0.08490790457204873,0.5705108012687591
0.0820052606288692,0.7756682059942362
0.11268529293929186,0.9436270232683008
0.2806280764917534,0.08815181772483575
0.3818207158381564,0.20391046996997186
0.3651515311288597,0.5470942180976919
0.3654731494108727,0.7497850318720634
0.35315284756312487,0.9679857011985002
0.5463919290078932,0.13036892933022592
0.45041802690685473,0.3707992352973026
0.570988700072672,0.47160413479117774
0.5455390791998889,0.6481572377511469
0.619864787334944,0.9692016237214458
0.7189015734336317,0.13659980463255417
0.6884836817942176,0.3316928138366108
0.7295781261692544,0.5532944915063713
0.7305799553152896,0.7595891277855721
0.821875993667928,0.9689833458983367
0.8428173533741312,0.1435652600573352
0.9567183317812021,0.3294801670037992
0.954380055722007,0.5195979549600559
0.9566334210760973,0.7125555182857104
0.961277876860109,0.9017510535498025
