0.07508878993554195,0.13461705175605979
0.08229544090682882,0.3011185442959802
0.0865299217354475,0.5085890420212456
0.08278926940468914,0.7562233696462385
0.10555891266732177,0.9387742077984741
0.2829220352752457,0.09074434544647311
0.3847763974119146,0.21142137390701812
0.36461185925520095,0.5475902715761077
0.36617335942683504,0.7490192113392342
0.3381484252899646,0.9680306515335897
0.54359708385576,0.13089588573733194
0.46193374900234696,0.38932755885359444
0.577854889801758,0.47271247334546085
0.5455419319032716,0.6481413262176674
0.5979498286290515,0.9699947273615513
0.7138189233604002,0.13054611155471157
0.693404334530365,0.3227679132633645
0.7297445136483846,0.5534548700802768
0.7302356871444295,0.7593172941739434
0.7986689831668389,0.9684133789419984
0.8479802983149342,0.14252864167301219
0.9567013991562684,0.3294231271044044
0.9543884292758952,0.5191220484550749
0.9566650939423638,0.7123204741937647
0.9546183782036091,0.906034708867133
