0.07784213851692398,0.1778198666603207
0.08738926464233428,0.4158914446033471
0.08507365131304735,0.5537967863711895
0.08234131192334375,0.7660743073977947
0.1129005594959681,0.9425132211955252
0.2803196747320904,0.08791398622968634
0.3817266734968587,0.20363954727494935
0.3651514765589358,0.5470909106066479
0.3654655406943504,0.7497746007998968
0.35400900038789934,0.9679553912461649
0.5458102929350008,0.1303779928900368
0.4503083134067578,0.37065959324505193
0.5709269810511179,0.4715403668931918
0.5455402258505713,0.6481524982931316
0.6198998111973782,0.9691905911119248
0.7178280066389552,0.13651527007164432
0.688479363871164,0.3316910187351099
0.7295756874555228,0.553291718171612
0.7305865254211344,0.7595779601108958
0.8217858530726414,0.9689974087727613
0.840297536417389,0.14300147652258216
0.9567043562200289,0.3285439557242044
0.9543832671413299,0.5193092682730318
0.9566212477328324,0.7121150681924161
0.9611851367114107,0.9014997407935916
