0.07780674942061343,0.18107364298729206
0.088018606387781,0.4278446393330018
0.08489400799431039,0.5709760330740912
0.08200152929634369,0.7757967439902319
0.1124652748060334,0.943619151206406
0.28072702647954867,0.08823307878986937
0.3818070582290004,0.20405969329816717
0.3651515142974098,0.5470954346177546
0.36548264564664396,0.7497803421881073
0.3527946674891657,0.9679926329660111
0.5465444751189433,0.13037730775690975
0.45046378091702954,0.3708565890631171
0.571013120476108,0.4716295279821026
0.5455386636025591,0.6481589673155675
0.6198503044762935,0.9692045189121018
0.7192773601039769,0.13662654339172312
0.6884810234488626,0.33170111480065073
0.7295790729007242,0.5532955626523778
0.73057824429083,0.7595925052624096
0.8219106808384298,0.9689779851374773
0.84383010889949,0.14382816399692247
0.9567248026881865,0.3298837849066483
0.9543781525464231,0.5197142808090838
0.956637835985975,0.7127175352533607
0.9613132032735782,0.9018419973094207
