0.07779880162150207,0.18123328459266538
0.08802865359017151,0.42864552254679056
0.08486881258930938,0.5717758635854934
0.08199588229241087,0.7760881381551747
0.1117633528577685,0.943579379790995
0.28114244540333977,0.08855728036260078
0.3816688133952495,0.20473205902569075
0.3651513179732934,0.5470993696636995
0.36550776591711964,0.7497715997502478
0.3516661014442069,0.9680209163497726
0.5469848605801902,0.13043298598586459
0.4506252869892903,0.37105760414918404
0.5711014174010403,0.4717115600286857
0.5455372579145567,0.6481644875216239
0.6198051936882085,0.969209452721907
0.7206243846417911,0.13671348280115464
0.688473635260221,0.33172427204094657
0.7295832425986175,0.5533000689237288
0.7305758276461657,0.7596006652108622
0.8220425265454705,0.9689578077586598
0.8478686614894767,0.1449623391616503
0.9567516964319964,0.3315139034960443
0.9543690267979781,0.5201311089519417
0.9566528028397235,0.7132510163861503
0.9614460392819419,0.9021308859624526
