0.07775082371845252,0.18200028479377459
0.0880775915976306,0.42788421505518026
0.08491558725759976,0.5696569618648155
0.08202856401666828,0.7737636414929211
0.11377413639172765,0.942453337099612
0.2838388326570692,0.09038565700078469
0.37593927586270204,0.21057618342657566
0.3651436776934838,0.5470985855300485
0.36559203206962054,0.7495761452879269
0.35539041290507595,0.9676191773593642
0.5440888251809619,0.13196775891355197
0.44986825666056485,0.37004708059463465
0.5711378263137075,0.4716126612482841
0.5455327314584653,0.6481721021971811
0.6202447070448298,0.9689408905238386
0.728337833443131,0.1376139062568104
0.6886062990034933,0.3315197885879493
0.7296142266861723,0.553329857078545
0.730780470530542,0.7594286060869622
0.8228760387377835,0.9688480145581384
0.8931268337364914,0.16101700379664485
0.9568243377530183,0.3490679524152169
0.9542471650300075,0.5216927259068793
0.9566487443507131,0.7126360148124385
0.962173909815963,0.9009555375741194
