0.07518579285574763,0.13586295160876058
0.08259744513043245,0.30590748568818615
0.08645778849496503,0.5116940525148471
0.08270948951639541,0.757721300812523
0.10792485532335103,0.9397726398606682
0.28181930479258294,0.08948313494911822
0.3833112267681491,0.2091470418666907
0.3650994819339948,0.547132952738456
0.3661357489705302,0.7489598865448033
0.3461282341243865,0.967550702777892
0.5442904913646719,0.13062024116418128
0.4556755600761054,0.37816361382388675
0.573864133335205,0.4724900426450943
0.5455383767105375,0.6481395697773303
0.6125588420292213,0.9701418334793569
0.7153837706669293,0.1341587565723365
0.6896493445801093,0.32960884429967935
0.7296506839503323,0.5533626322809809
0.7302087557133266,0.759835097854534
0.812589586441523,0.9687354179171596
0.8429877069429977,0.14414023204674184
0.9567110904710493,0.32938646977816344
0.9543764028977525,0.5191963322463043
0.9566296183614987,0.7118196868382417
0.9585119484094293,0.9030268724545144
