0.07775610889143278,0.18156031142157436
0.08804744934658544,0.42923318037325003
0.08485567286407493,0.5721104482295063
0.08199593956502428,0.7760197369486567
0.11047850228270124,0.9431246208260249
0.2820776635057144,0.0892750921226127
0.38080165411726913,0.20629820422230657
0.36514909535940054,0.5471015288278945
0.36566269397941753,0.7495766509215344
0.34974355966395365,0.967909732037569
0.5481020674035827,0.1306773226204872
0.4506076531341416,0.37102865285609654
0.5712507084868705,0.47173148692011835
0.5455356125319193,0.648168908048028
0.6198027565684034,0.9691188008752916
0.7247065646940954,0.1369335143278516
0.6885943780041305,0.3315007012821216
0.7296036831456133,0.5533196952301017
0.7306437341748341,0.759548837273879
0.8224907521688942,0.9688939389321501
0.8632468090831702,0.14975900350932023
0.956834252326889,0.33743969362914406
0.9543240430110694,0.5209737672574483
0.9566750568331626,0.7136846370702197
0.9618674223156414,0.9021355349185919
