0.07775473919978798,0.18156602075642894
0.08804777757820434,0.4292158831719923
0.08485654887105741,0.5720810701854174
0.08199623712983592,0.7759956448716232
0.11047297205165911,0.9431056820228837
0.28209785081939565,0.08928853687476238
0.3807597856543318,0.20633806783111017
0.3651490048025334,0.5471014138523923
0.36566837386932005,0.74956805553964
0.3497404521937792,0.9679017346127203
0.5481040166111658,0.1306877895184451
0.45059822074421546,0.3710164324139261
0.5712517467635304,0.47172910680811964
0.5455356190578898,0.6481688272618564
0.6198069254754598,0.9691144279802117
0.7247968150387758,0.13693829326420093
0.6885978810960702,0.3314940088603306
0.7296042056822827,0.5533201781141545
0.7306469766309739,0.7595459999927254
0.8225024583008401,0.9688923712297638
0.8636965445545669,0.14991900259156993
0.9568361578831734,0.33762172201932233
0.9543224609232025,0.520989671501261
0.9566750375132541,0.7136712966463066
0.9618777184187085,0.9021170149699252
