0.07780329574508185,0.18114483518304222
0.08802303394269677,0.428230940999303
0.08488194286350194,0.5713678999275591
0.08199861145710952,0.7759363526153575
0.11215064744787744,0.9436042797470312
0.2808992797504897,0.08836922062346347
0.3817609016942428,0.20433381518438717
0.3651514584729013,0.5470972405409245
0.3654940052567992,0.7497766744228824
0.35228632909371604,0.9680053716697982
0.5467466382154199,0.13039760645966875
0.4505365800223215,0.37094739616721956
0.5710515961162379,0.47166759314301954
0.5455380339904091,0.6481615075239915
0.6198296906864722,0.9692079401716933
0.7198544913078845,0.1366653659542732
0.6884763485278407,0.3317144210502368
0.7295806957285532,0.5532973573571984
0.7305763157598593,0.7595969518969816
0.8219660020582674,0.9689694731480691
0.8454911793814918,0.1442827725807603
0.956735813445388,0.33055507373871007
0.9543746204127074,0.5198962197233412
0.9566444901526884,0.7129592820769244
0.9613692499602982,0.9019754779316888
