0.07780257138282058,0.18115912119959995
0.08802394366225563,0.42830165411008153
0.08487971885279372,0.5714384760571074
0.08199811400729302,0.7759627707635962
0.11208699217184943,0.943600893837896
0.2809375767513562,0.08839899458161625
0.38174816274842305,0.20439598034014025
0.36515144142317285,0.5470976035280488
0.36549618333074957,0.7497760460847365
0.35218391710797675,0.9680080801038354
0.5467859260610414,0.13040274613400454
0.45055165695394817,0.3709661560866815
0.5710596995067845,0.4716752122184604
0.5455379048856517,0.6481620157337552
0.6198255673226016,0.9692084425694368
0.7199764431359658,0.13667324903944295
0.6884755248464983,0.33171682351101694
0.729581068681037,0.553297762075039
0.7305760582451083,0.7595977316224019
0.8219779487190584,0.9689676426819973
0.845856600592925,0.14438552182086162
0.9567382636950134,0.33070309383169
0.954373793939763,0.5199344064311262
0.956645859160534,0.713008328285628
0.9613812989859204,0.9020021355338779
