0.07780784865456691,0.18102117987682784
0.08801572152219478,0.4274856034149729
0.08490517590383904,0.5706037484079374
0.08200448659733883,0.7756911195722074
0.1126537465244646,0.9436263335436252
0.28064111802512354,0.08816271161099218
0.3818197554933995,0.20392948973826996
0.36515152957345764,0.5470943880686387
0.36547462929479907,0.7497841891174333
0.35310120914875265,0.9679865444985378
0.5464144566602116,0.13036981831475553
0.4504242221907906,0.37080701916565073
0.570992048020173,0.47160765540098454
0.5455390214279923,0.6481574806113609
0.6198627076454746,0.9692020477039444
0.7189539941058428,0.13660360837778215
0.6884833754573937,0.33169386433498455
0.7295782538615709,0.5532946368514571
0.7305797026637099,0.7595896134281328
0.8218807588498322,0.9689826086231852
0.8429550525087207,0.14360016900556488
0.9567191944385753,0.32953457485240134
0.9543798114907442,0.5196139406139807
0.9566340377024958,0.7125781680336999
0.9612827373125634,0.9017638255262375
