0.07639879319999532,0.14616138206896406
0.0839248239067031,0.3369306235188891
0.08589618006828546,0.5248805323273696
0.08256792984644247,0.7604357050691187
0.1117575828668202,0.9413773478238713
0.28025365804049257,0.08785270268064567
0.38154349816532,0.2042698078045815
0.3651514099952757,0.5470882919746061
0.3656634844166775,0.7495105472252687
0.3525853608651769,0.9677714840594932
0.5449903091172814,0.1304448994552997
0.4505312474404934,0.3709240658229931
0.5709518525333378,0.47155036966670566
0.5455412337031111,0.6481492101363387
0.6198478898952843,0.9691688124930707
0.7168902625711482,0.13635761975905228
0.6884625593614324,0.33171758585604144
0.7295737869687346,0.5532896365082337
0.7305990799260453,0.7595622578522517
0.8217188060898057,0.9690081707616001
0.8390120541266753,0.14296499394396459
0.9567013759273298,0.32828827325725995
0.9543802419343312,0.5191843684498778
0.9566121827836942,0.7118026207854056
0.9611139447543663,0.9013182263101074
