0.07582432426252075,0.14132858442833282
0.08343685290028204,0.32303412071082765
0.08613841273077853,0.5195615208630463
0.0826082141559058,0.7596506924402002
0.11099134774434043,0.9410203067046234
0.2805394015870593,0.08812777689718466
0.38172182401326404,0.20513613938165876
0.36515128278349207,0.5470878167980069
0.36579022263667815,0.7493485865017868
0.3514642351656232,0.96766715929021
0.5447770010544182,0.13046562267266867
0.45098892399874635,0.3714887364258876
0.5710792799223081,0.47162161517859996
0.545541339096117,0.6481484152984298
0.6197757565102701,0.969178824644812
0.716679923013109,0.13619816054572925
0.6884919009669943,0.3316658171719142
0.729574865995755,0.5532905890569104
0.7305926730543908,0.7595678036057022
0.8216396538713429,0.9690145845904417
0.8393220621524865,0.14321647781872787
0.9567039859131274,0.3285141432295211
0.9543770844903554,0.5191952246308635
0.9566106692644128,0.7117349187994483
0.9610546399825086,0.9013037695064564
