0.07648624739215654,0.1336126795311888
0.08170433733198812,0.29505815691356063
0.08650061711398593,0.5006879931867252
0.08316319439961942,0.7487885965777461
0.10012283812130443,0.9347066006032897
0.29059608475607107,0.09834805880054433
0.39237233832910334,0.2333394122188638
0.36402017796457126,0.5466653302104397
0.3975494650457578,0.7066971624007657
0.30350471520624495,0.9648012843279683
0.5367192847314626,0.12919397544523523
0.5144060091762306,0.3543535788379983
0.552564487474668,0.4582338122095727
0.5461011288054113,0.6445634616504524
0.5382826225317969,0.9711925513328283
0.7110039305393963,0.12126806219024139
0.7071290891327443,0.2681425279257037
0.7140667478108798,0.5396046583702648
0.7238577763720425,0.7086989428116703
0.7532390582141986,0.9597458050294273
0.8476843458806214,0.13128466097005317
0.9566354651638636,0.3223173176259607
0.9545439002671564,0.5177258927656941
0.9566434681461514,0.7178137836502003
0.9396832286811072,0.9186092672296574
