0.07772668918860766,0.18177332289877732
0.08806139282275088,0.4285047621623713
0.08488918281293269,0.5708545009316985
0.08201131312843839,0.7748926636780963
0.11130366048950166,0.9425482364583172
0.2829569453602315,0.08979586407251093
0.3784837690221419,0.2083908025860366
0.3651457150763068,0.5470981216410035
0.3657773916902421,0.7493748741487553
0.3512482546473712,0.9676403304895121
0.546511875622237,0.13127879882343865
0.45027527289638175,0.37058547143896026
0.5712337271425354,0.47168631814184725
0.5455353727034848,0.648167485840213
0.62002261359885,0.9689829816783314
0.7268680627625552,0.13712345009737717
0.6886153854325695,0.331473207310031
0.7296130480834397,0.5533284517774204
0.7307454809058901,0.7594585914389912
0.8228168905427222,0.9688511898167553
0.8791695218424284,0.15615891446074898
0.9568701366267602,0.344428837912451
0.9542678083589767,0.5215486783833935
0.956665975314464,0.7131412565303001
0.9621446700046202,0.9014480066211923
