0.07780729246888798,0.1810580103878948
0.08801769303197952,0.4277468447422993
0.0848970555729457,0.5708753478236479
0.08200231164770859,0.7757653229446699
0.11252796475293128,0.9436218353139957
0.28069689577360224,0.08820865479447679
0.3818125893016822,0.20401325190662223
0.36515152062572104,0.547095081211141
0.36548012103633254,0.7497814184656318
0.35289638477945023,0.9679904246097152
0.546502054012222,0.13037440507994694
0.4504501622110467,0.37083954695356214
0.5710059125251272,0.4716221105087069
0.5455387848902262,0.6481584667983429
0.6198544292413929,0.9692037145988325
0.7191678250705649,0.1366188744095764
0.6884818894637705,0.33169854923792297
0.7295787890241765,0.5532952431526986
0.7305787157417348,0.7595915493299895
0.8219004480267605,0.9689795650201342
0.8435288844548186,0.14374857595546758
0.9567228504966483,0.32976300698042227
0.9543787428178536,0.5196800197305547
0.9566365517858739,0.7126704679297823
0.9613027953002743,0.9018156816945945
