0.09162616145775837,0.12698424984224263
0.08084949295960425,0.2898439908351598
0.08633982583202132,0.4954931223592877
0.0834042175847837,0.7394542279586445
0.09777687780886776,0.9277574542845654
0.31414174109024984,0.11734226785028888
0.4033152749777971,0.23793818850215276
0.3937675371907052,0.5355405282312006
0.397089797613316,0.65486637620689
0.2870198245766619,0.9558340977250068
0.5283000519447424,0.13078871624260874
0.5076343676233883,0.314313276167336
0.5397919975094742,0.4774803165344366
0.5330267499327842,0.6254442911809361
0.5154944633464419,0.9674710387263794
0.7059554182420382,0.1274150506191166
0.6939202330548414,0.26001063287354426
0.6715125820558919,0.5142680318645626
0.7009203962496698,0.6497508986933022
0.7286678070900304,0.9404623640374848
0.8321181827840862,0.13254536431487948
0.9428456403343836,0.3011492295378111
0.9477441674718213,0.516397020153847
0.93161806338099,0.7187116620125198
0.9263248945660353,0.9199249229712941
