0.07772701479348583,0.18176378610024319
0.0880607250519078,0.4285347793112806
0.08488788403803418,0.570909019525525
0.08201054143467468,0.7749446262534473
0.11123126393547013,0.94256477073329
0.2829167761035438,0.08977209294780204
0.37860156393904615,0.2082870180081129
0.3651458461007053,0.5470981977889051
0.3657777611702155,0.7493766095139079
0.351125624622872,0.9676484505974724
0.546623289178575,0.1312473387371219
0.4502893777106949,0.3706045625789495
0.5712363145133837,0.47168735792248934
0.5455354219796047,0.648167438482182
0.6200120781006002,0.9689870886178449
0.7268057293381075,0.1371112902274118
0.6886170089606168,0.3314689914867831
0.7296129627222054,0.5533283635674058
0.7307423399452564,0.7594613826231217
0.822807769312317,0.9688523354937277
0.878523004786564,0.15589129690007203
0.9568705154395727,0.3441490362614063
0.9542697393414581,0.5215284555536347
0.9566665515124341,0.7131623435439263
0.9621372843467281,0.9014734253478468
