0.0778003594129736,0.18120310284801275
0.08802674476795556,0.4285101558359614
0.08487312186165824,0.5716442736267697
0.08199672259236027,0.7760396172448553
0.1118938787259279,0.9435891229961456
0.28105832812561027,0.08849238071397056
0.38170353212336966,0.2045935541587628
0.3651513756646209,0.5470986778558256
0.3655029107346301,0.7497737760937436
0.3518743069167595,0.9680160439667628
0.54690412519571,0.1304200561577863
0.45059655146128663,0.3710219462975373
0.5710845628759071,0.47169751469182775
0.5455375157380961,0.6481635185100273
0.61981326021302,0.9692093992676097
0.7203571485185647,0.13669720689649026
0.6884738114553711,0.33172246649704906
0.7295823059748653,0.5532990853638695
0.73057567275584,0.7595997203504425
0.8220156931740564,0.9689618811775471
0.8470253900632181,0.14471870190456135
0.9567460939930106,0.33117531216230356
0.9543710635535521,0.5200515465575096
0.9566500140722338,0.7131549801910047
0.9614192231767795,0.9020806778780276
