0.0777262487459756,0.18180292366961642
0.08806348041964004,0.42841308960568525
0.08489311283860519,0.5706866866001838
0.08201372278466965,0.774732541712457
0.1115454870555987,0.9425029308186427
0.2830801843680678,0.08987003529468851
0.37811923553697946,0.2087100712943074
0.3651453267853376,0.5470979326566006
0.36577268816827124,0.7493743133641282
0.35165604827887476,0.9676182600236017
0.5461622270530923,0.13137654797762516
0.4502304964660395,0.37052500708923325
0.5712248349484055,0.471682591460112
0.5455351908273651,0.6481677031378975
0.6200549843390798,0.968971430853652
0.7270558534464849,0.1371654234541356
0.6886103753299314,0.3314864434844775
0.7296132293943912,0.5533286499180384
0.7307543739613819,0.7594507052677174
0.8228420135660531,0.9688480996715301
0.8811409122088751,0.15696143677611507
0.9568678597338314,0.34525794099236407
0.9542623344648453,0.5216051396548964
0.9566641204422601,0.7130768584777382
0.9621646852511585,0.9013720514335442
