0.07776942060550093,0.18150332159941937
0.08804431605297243,0.4293438966660954
0.08484934086338863,0.5723213833595723
0.08199378352765692,0.7761976863025207
0.11061732759682873,0.9432931493858201
0.2818947491499791,0.08914463039432126
0.38112111946445254,0.20596518453625023
0.36514987996528026,0.5471023857513864
0.36560966186991134,0.7496543763500664
0.34991405378898577,0.9679756808656017
0.5479523180120549,0.13059714436550535
0.45068567579805074,0.3711291864699015
0.5712347742526218,0.47175304124830497
0.5455356159992124,0.6481694441469951
0.6197743921466841,0.969157167458055
0.723775875129309,0.13688524495271576
0.6885547952075692,0.3315764528175849
0.7295982899605312,0.5533146930009357
0.7306153147663662,0.7595733437488302
0.8223776033574471,0.9689092900963928
0.8590884831760385,0.14835522353334976
0.956815455997967,0.33581402879481564
0.9543379386025456,0.5208213051947461
0.9566738533940076,0.7137679669415236
0.9617662536422662,0.9022772501927903
