0.0753762436780069,0.13382932708786008
0.0818884697285295,0.2960042578814165
0.0865321955004271,0.5026713081733435
0.08305236045134415,0.751142850969725
0.10131504446071542,0.9360586478409292
0.2876244688464871,0.09563622642034032
0.38993040372665516,0.22756045133902655
0.3642909502581402,0.5467644442150201
0.38149237473641107,0.725578311318932
0.31113526635225675,0.9671574803505749
0.5383033555917932,0.12964910699465756
0.5065380675846386,0.3740427449887523
0.5615116326813495,0.4650302351543168
0.5464764848417841,0.6481176613424582
0.5518500938992671,0.9706117023395828
0.7117820560069332,0.12206956582323464
0.7057260660035773,0.2793148690058826
0.7290532196106984,0.5522531394377873
0.7270131630335241,0.7470554377979302
0.7664409932101206,0.9660539017611752
0.8523236472082087,0.13466584919976665
0.9566352034204821,0.3257982111707093
0.9544728463890606,0.5184646211694703
0.9568390148910271,0.715066151413909
0.9441422264315678,0.9145930546478185
