0.07774739606167531,0.18198709538361865
0.08807667211675788,0.4279129038351013
0.08491430686886592,0.5697181175483119
0.08202773562482195,0.773820479261013
0.11359373570047934,0.9424422354070761
0.28379122243721194,0.09034993984888942
0.3760637115322246,0.21047025685463505
0.3651437278532021,0.5470984354839956
0.3656125867503723,0.7495508324456532
0.35508661200715425,0.9676098750060433
0.5441993770586352,0.13193393587457464
0.44989626308645136,0.3700833961256103
0.5711447931098549,0.4716205752223696
0.545532964741895,0.6481716385198172
0.6202337817222223,0.9689404818287481
0.7282425594553937,0.1375759015732438
0.6886040783421294,0.33152258163317183
0.7296140469004734,0.5533296652014474
0.7307804767542427,0.7594284649813038
0.8228812475613347,0.9688468283701221
0.8923717699817569,0.16081364886549382
0.9568282115190332,0.34890027037284044
0.9542470637700262,0.521702768981338
0.9566499385583495,0.712667512996111
0.962180398384802,0.9009791046590886
