0.07779250163425826,0.1813331121075042
0.08803478671916327,0.42904039993244253
0.08485627569514863,0.5721460904477779
0.08199377006970936,0.7762183797235722
0.11133417303642808,0.9435303469271089
0.28142107467611455,0.0887734806649615
0.3815319134741109,0.20519128066591266
0.3651510344130014,0.5471013250644724
0.3655280576453572,0.7497567088739556
0.350989410950557,0.9680303396149322
0.5472750705422849,0.13048061097774824
0.4507009919185533,0.3711512653159312
0.5711554084533106,0.4717484296853851
0.545536471659646,0.648167270036328
0.6197814181126166,0.9692047227857067
0.7215774654220383,0.13676857240244505
0.6884821313362453,0.3317120528070707
0.7295870477373001,0.5533039371170133
0.7305798166989904,0.7596004388787303
0.8221399144198211,0.9689432192427824
0.8510045144778315,0.1458822897453673
0.9567717352352572,0.33274958411608024
0.9543610932997586,0.520389298667849
0.956661660622356,0.7135353049387483
0.9615421523241788,0.9022687661759247
