0.07754331166199105,0.16851258206529454
0.08631970516549789,0.39578506001821423
0.08525361202271474,0.5451321122214229
0.08243165443265535,0.7632071711605891
0.11273389419605905,0.9420832102921423
0.2801345742506713,0.08779469470862761
0.3816236667362249,0.20363845527280208
0.36515143012935347,0.5470899116152104
0.3654959013130647,0.7497303642591673
0.3539252521408762,0.9679207915051752
0.5455352076957976,0.1303967569756575
0.45029635591142486,0.37064209406250437
0.5709132288335353,0.4715271157739115
0.5455405999128352,0.6481511321521847
0.6198981143599464,0.969184780370205
0.717460610497324,0.13648017572773533
0.6884715897029344,0.3317026442216888
0.7295748895815563,0.5532908372785124
0.7305899027969762,0.7595732143624707
0.8217594456579541,0.9690016205989426
0.8396022309573985,0.14289115577683656
0.9567015651280882,0.3283276956064535
0.9543833809970147,0.519237713932561
0.9566175280173804,0.7119860970152023
0.9611574221606558,0.901425105806446
