0.07780751357794835,0.18104966316776247
0.08801722135143474,0.4276916700553825
0.08489877458173167,0.5708183109446616
0.08200275989880787,0.7757485633580183
0.11255934885667794,0.9436231094073222
0.28068239541240647,0.08819680763970006
0.3818148725214302,0.20399116274381904
0.3651515233015766,0.5470949060925127
0.36547880768970376,0.749782027739645
0.35294738013585164,0.9679893832198784
0.5464805138477783,0.13037310500586868
0.4504435091178524,0.3708312132018524
0.5710023764485552,0.47161844547745396
0.5455388448080482,0.6481582182396135
0.6198564942599579,0.9692033038490587
0.7191137266352027,0.13661504946044004
0.6884822954073057,0.3316973148810429
0.7295786513394169,0.553295087641014
0.7305789578434129,0.759591067462925
0.8218954299034256,0.9689803402930782
0.8433819023070103,0.1437101412271117
0.9567219055295062,0.32970426720662505
0.9543790238728638,0.5196631879541922
0.9566359163215091,0.7126471522350358
0.9612976870610963,0.9018026126647801
