0.07777869528435906,0.18145413932038765
0.08804167291652608,0.4293357300375868
0.08484808646737264,0.5723699858017453
0.08199303965719243,0.7762613889259945
0.11080973934479084,0.9433965192747888
0.2817544422295829,0.0890362061528254
0.3812885059977679,0.20573329555180528
0.3651503602262496,0.5471025581017541
0.3655752855080823,0.749701546494288
0.35018990348306017,0.9680087089167013
0.547739205694287,0.13055328223604537
0.45071989835980153,0.37117327453088106
0.5712148950336123,0.47176253879853053
0.5455357548014945,0.6481693321067942
0.6197671221169485,0.9691796687654238
0.7230308539863944,0.13684665318637243
0.6885238791766372,0.33163520837033394
0.7295941561389929,0.5533108121007273
0.7305986362448682,0.759587121838389
0.8222939542588213,0.9689209419341684
0.8561691801448063,0.14743613232937952
0.9568009337501063,0.3347117829728647
0.9543468410088591,0.5206957214334774
0.9566711366241325,0.7137586161045316
0.9616892521248678,0.9023272095631087
