0.07697619532467044,0.15218214227694876
0.08446982416000079,0.3539499854149475
0.08563788974997405,0.5310968568576362
0.08252742227501426,0.7612238124776716
0.11222586102519627,0.9416377982304788
0.2801620769850788,0.08776354034603764
0.3815271359570824,0.2038925632809538
0.3651513993097567,0.5470888319341927
0.3655848826659695,0.7496121104509219
0.353262070931042,0.9678385846854217
0.5451772195667844,0.13042742763600462
0.4503722885466041,0.3707311967001264
0.5709185573276272,0.4715291317144317
0.5455410305247425,0.6481498009771453
0.619874648596293,0.969174886102833
0.7170643339869398,0.13641915991107267
0.6884615928580449,0.33171913885229665
0.7295740262319397,0.5532899075475317
0.7305956109451308,0.75956621803292
0.8217333168978239,0.9690059327524848
0.8390533398876864,0.14287527773969666
0.9567004777721599,0.3282224560304165
0.954382054909904,0.5191883591533357
0.9566137751486145,0.7118588092932998
0.9611292221265815,0.9013504651903371
