0.07778734796969634,0.1794267902247753
0.08778258894760414,0.41928187138655365
0.08501509979104512,0.5568715587205241
0.0823034880136493,0.7678485483878915
0.1129397331147228,0.9427352743961878
0.28038506478512104,0.08795643335304636
0.3817572181877841,0.2036653369214707
0.36515149285385873,0.5470913085807094
0.36546014524746234,0.7497837861739541
0.3539716868423661,0.9679636156352395
0.5459022892685457,0.13037317515043673
0.4503200134552201,0.37067482433184135
0.5709338999058746,0.47154715132515523
0.5455400815405639,0.6481530607975446
0.619897927118587,0.9691924407286274
0.7179681874813469,0.13652730133856328
0.6884814348672006,0.3316883599589802
0.72957599373227,0.553292061392168
0.7305854411486572,0.759579602176794
0.8217965893924728,0.9689957153206712
0.840589151055932,0.14305655924484476
0.956705720708505,0.3286432095259344
0.954383060816268,0.519341020889843
0.9566227411999496,0.7121677839983825
0.961196298855313,0.9015300970983529
