0.07780735618803739,0.18098421736975703
0.08801410273689611,0.42717426978540474
0.08491468526847683,0.5702738866479898
0.08200733593348984,0.7756123028964285
0.11274839258616745,0.943627127597718
0.2806029985542633,0.08813070425835817
0.38182160980324714,0.20387472247144514
0.36515153350815377,0.547093882641432
0.36547005409242167,0.7497869092865487
0.35325678763569074,0.9679841752574224
0.5463460619281248,0.13036746472445518
0.45040599649918167,0.3707841005802398
0.5709821479213265,0.4715972204850756
0.5455391930098163,0.6481567571378295
0.6198689641132781,0.9692007720304933
0.7187979124779281,0.136592209455234
0.6884842006230849,0.33169088913249917
0.7295778772860123,0.5532942076017978
0.7305804644035665,0.759588157942933
0.8218666467643797,0.9689847927889491
0.842548629526705,0.14349801393528935
0.9567166675763735,0.3293745514113564
0.9543805170797562,0.5195666537555161
0.9566322027495383,0.7125107780434494
0.9612683363016221,0.90172577480816
