0.07773594400887039,0.18166247294243348
0.08805380807482202,0.42887278563788483
0.08487281842281989,0.5715057663939722
0.08200263780104815,0.7755017557608224
0.11064214630734429,0.94279768271655
0.2824830651569105,0.08952205150444943
0.37982044638426476,0.2071971129922482
0.365147389479748,0.5470994770515524
0.3657484275903652,0.749439843186488
0.350104217322313,0.9677618672351803
0.5476737997895343,0.1309266724973777
0.4504384209843218,0.3708059354006939
0.5712546454196209,0.4716995897820468
0.5455356921507474,0.6481676126881245
0.6198998727695195,0.9690426717914711
0.7260160412335822,0.13701335520347174
0.6886271134425359,0.33144071229397293
0.729610624185754,0.5533261256048619
0.7307003981901394,0.7594987321683191
0.8226797847638627,0.9688689031246379
0.8712761830179893,0.15285568373030278
0.9568625744843732,0.34089025860458183
0.9542945981909541,0.5212678363088663
0.9566720324433697,0.7134074220224019
0.9620306184965045,0.9017781989410488
