0.07773810941790649,0.1816479236724292
0.08805285033929983,0.42892492333422744
0.08487042282733816,0.5715946300627461
0.08200156703470518,0.7755813739105664
0.11058795092697878,0.9428397043359991
0.28242134297937366,0.08948640491868026
0.3799832991821884,0.20704974608949606
0.3651476304204194,0.5470997339577359
0.3657393001978749,0.7494554859667418
0.3500046336943928,0.9677818018400315
0.5477880254950424,0.13088466448273103
0.45046110578785253,0.3708362526343241
0.5712557260248446,0.47170245872380273
0.5455356964911809,0.648167740750479
0.6198842316114419,0.9690525171611072
0.725870241658579,0.1370021799994667
0.6886261475799808,0.33144178856929085
0.7296099736130154,0.5533255180606271
0.7306930361521203,0.7595052818433208
0.8226564792708281,0.9688719634743036
0.8701704331582846,0.15240290442781596
0.9568596093241923,0.3403936259065805
0.9542986965029349,0.5212259704767209
0.9566726979067461,0.7134468529860678
0.9620108224309837,0.9018277891164562
