0.07772629962164096,0.1817928921320566
0.08806277050019728,0.4284439077484951
0.08489179749441439,0.5707433214060696
0.08201290443858046,0.7747865847179018
0.11146066409463642,0.9425172566271168
0.2830386774827579,0.08984482841003795
0.3782424553818676,0.20860247300273763
0.3651454551416003,0.547097988660382
0.3657748914017406,0.7493736755076595
0.35151327895670326,0.9676251950412332
0.5462810886548247,0.1313434450327554
0.45024586459594335,0.370545731271518
0.5712279920926591,0.47168395770244975
0.5455352574687627,0.6481676174957901
0.6200440794387581,0.9689751427595488
0.726992982067355,0.13715045992500693
0.6886120476114513,0.33148197532221496
0.7296131802022245,0.5533285938230431
0.730751505041136,0.7594532460452537
0.8228340440742921,0.9688490667695289
0.8804787355930502,0.15669448007580114
0.9568688106178054,0.3449839168066617
0.9542640996419075,0.5215871190471546
0.956664760596321,0.7130985425106772
0.962158400009681,0.9013973138347624
