0.07733121282141459,0.15927703407217975
0.08522798363251292,0.3730494444020946
0.08542518748356256,0.5377259712741775
0.08248541128037121,0.76205252258515
0.11251861926687379,0.9418496521214164
0.28013783021297817,0.08775622608511333
0.3815618046961098,0.20372656982941595
0.3651514067132954,0.5470893194324555
0.3655345888840042,0.7496781357756183
0.353664817934893,0.9678835686721042
0.5453443396819438,0.13041240083737618
0.450315689640967,0.37066375108509936
0.5709108349744998,0.4715243179402041
0.5455408345461908,0.6481503733944658
0.6198893022944635,0.9691799727322005
0.7172382072312993,0.13645227175987376
0.6884656262961253,0.33171233363152397
0.7295743998333408,0.5532903077118502
0.7305926779675567,0.7595696850664891
0.821744562510259,0.9690040508209096
0.839250284342757,0.14286003460977886
0.9567005907450369,0.3282416819284921
0.9543829514585271,0.5192049351791428
0.9566153942702693,0.7119136601736432
0.9611415050330578,0.901382824534433
