0.07777066655194095,0.18149743000298799
0.08804400036583626,0.42934785259588026
0.08484898747374854,0.5723334681272293
0.08199364571247508,0.7762092943551385
0.11063817694907317,0.9433076562149653
0.2818773824362416,0.08913149319528207
0.38114526862753867,0.20593578525088185
0.3651499467675878,0.5471024348424315
0.36560491584064797,0.7496610769547151
0.3499429261176043,0.9679807708298117
0.5479282608217516,0.13059097034464534
0.4506914746357126,0.37113663707590117
0.57123262855919,0.47175471968184846
0.5455356258701617,0.6481694603300522
0.6197728039556673,0.9691603958159658
0.7236818252461964,0.1368803951939477
0.6885507222007315,0.3315842275136546
0.7295977548607341,0.5533141936619783
0.7306129239722597,0.7595753600481852
0.8223667760189816,0.9689107819185269
0.8587047176965003,0.14823179877166026
0.9568136148614664,0.33566805988257575
0.9543391491071158,0.5208060753129942
0.9566735944734713,0.7137706392448806
0.961756399453558,0.9022866451694329
