0.07780508861459633,0.18110965112868385
0.08802081135843659,0.42804891390519556
0.08488763997413816,0.5711845172692988
0.08199994757687208,0.7758686382776413
0.1123084997425237,0.9436120243751308
0.2808088461475395,0.08829833381705414
0.3817877411969331,0.20418849177943216
0.36515149195902785,0.5470963324070789
0.3654885033858604,0.7497782769904319
0.3525409434588098,0.9679987411588159
0.5466472238128336,0.13038628692892354
0.45049939985461623,0.3709010718357196
0.5710318875363326,0.47164844983533855
0.545538352916878,0.6481602332015554
0.6198400014913662,0.9692063850826954
0.7195594719890068,0.13664584391758797
0.6884786691922296,0.331707842952777
0.7295798380538194,0.5532964157145144
0.7305771699215178,0.759594819079624
0.8219374493899942,0.9689738596642459
0.8446272373675902,0.1440434048554692
0.9567300478989406,0.330205233826509
0.9543765094704141,0.5198031941199078
0.9566411184913279,0.7128373545872129
0.961340371916348,0.9019085424334207
