0.07775201030091411,0.18157758149963035
0.08804845287383804,0.42917854338267686
0.08485840636543131,0.5720183574945058
0.0819968790527511,0.7759440401273164
0.11046731553270928,0.9430668877641292
0.2821398501087104,0.08931595398845825
0.38066933315192747,0.20642302027354048
0.36514881698335605,0.5471011731101753
0.3656797982469873,0.7495506129339595
0.34974312912352584,0.9678850770667069
0.5480983909462027,0.13071043808829702
0.45057870965819813,0.3709910933215124
0.5712535188787674,0.47172438128760524
0.5455356338760811,0.6481686580089336
0.6198160220353486,0.9691054488858217
0.7249746949869011,0.13694783161674373
0.688604439295913,0.331481511822184
0.7296052279823422,0.5533211225957955
0.7306536379071605,0.7595401542478621
0.822526012788892,0.9688892256994295
0.8646156819477561,0.1502512990587119
0.9568399656080939,0.337998110727065
0.9543191869260137,0.5210222306411987
0.9566749250458702,0.7136424112738962
0.9618983505129861,0.902077973926565
