0.0777629092499852,0.18153204168925224
0.08804586922909967,0.4293038266115074
0.0848519077161739,0.5722357019345977
0.08199467970245876,0.7761229680542258
0.11053053398061498,0.9432139797033996
0.2819830375439021,0.08920953977229482
0.38098144828247904,0.20611991945644928
0.3651495147665017,0.5471020330235474
0.36563508742139916,0.7496177098418926
0.3497995596500928,0.9679460461851261
0.5480521746264561,0.13063238177688624
0.4506508228760852,0.3710843750188852
0.5712440013832955,0.47174307437986457
0.5455355952473342,0.6481692505970462
0.6197856271721047,0.9691392994912811
0.7242455019275585,0.136909472259134
0.6885752275866444,0.3315373645227477
0.7296009995040705,0.5533172116661098
0.7306285458797873,0.7595620336591785
0.8224331672965536,0.9689017017422377
0.8610927588070718,0.1490156155117584
0.9568247745263314,0.33658596253644246
0.9543314150750607,0.5208967995405165
0.956674773857042,0.7137385580722884
0.9618163289521202,0.9022168691305396
