0.07609982853819468,0.1435909571367736
0.0836792047953369,0.3295725868269983
0.08602138569066616,0.5221130802580525
0.08258777668385953,0.7600489969330513
0.11142347619258888,0.9412156331599618
0.280362292908012,0.08795766930200273
0.38160017399377233,0.20461501954555694
0.36515140280301644,0.5470880115796608
0.3657190785017992,0.7494392927332184
0.35209592444676396,0.9677252219657465
0.5448873416597438,0.13045462528509474
0.4506992149130245,0.37112991346717306
0.570993935167461,0.471575420736515
0.5455413206157527,0.6481488649620032
0.619824597935886,0.9691679778726298
0.7167953631414448,0.13629944268077251
0.6884699930882557,0.33170466495573153
0.7295739423064994,0.5532897567224241
0.7305994171002208,0.7595616067333847
0.8217002812838997,0.9690102183646533
0.8391021163046286,0.14306200469184419
0.956702413896162,0.32837503584049793
0.9543788345711709,0.5191881256723642
0.9566113852388706,0.71177104337366
0.961097669664761,0.9013044763414686
