0.07773318869816387,0.1819124772451265
0.08807134612006018,0.4280965144240139
0.08490642962473055,0.5700890054920174
0.0820224767631804,0.7741664888871447
0.11265537689941046,0.9424188369271489
0.2835143961646296,0.09015124513670501
0.37683304969663894,0.20981637496340858
0.3651441825506638,0.5470978739022694
0.36570572078464997,0.7494400964775967
0.35351360389037234,0.9675836394817493
0.544914642377572,0.13172468256220524
0.450044598650726,0.3702773231070698
0.5711816433698697,0.47165590731490603
0.5455341018121157,0.6481694818322591
0.6201670954442612,0.9689445498308484
0.7277374157789696,0.13738025434488882
0.6885990767109196,0.33152282940625527
0.7296134882635954,0.5533290252121739
0.7307759507767305,0.7594318948547226
0.8228906280495706,0.9688433695518807
0.8880048719414563,0.15949362524596017
0.956848135607586,0.34773692669443296
0.9542493659066484,0.5217180056320796
0.956656262332478,0.7128393126825879
0.9621978141298857,0.9011234892437572
