0.07777308967526222,0.18148544765309998
0.08804335882456318,0.42935153261107945
0.08484844787611764,0.5723524784893246
0.08199340970352847,0.7762292873414326
0.1106828950957283,0.9433353081908765
0.2818426455273447,0.08910492464386983
0.3811904492282246,0.2058777352847087
0.36515007438818503,0.5471025099265895
0.3655957984697305,0.7496737993742025
0.35000591167334855,0.9679901129703954
0.5478772912495422,0.13057931054410207
0.45070180473616145,0.3711499161202598
0.5712280411679129,0.4717576888398958
0.5455356518743947,0.6481694677146219
0.6197702419694023,0.9691664965332621
0.7234941979394632,0.13687070785681274
0.688542698817334,0.33159951810204924
0.7295966974904574,0.5533132046178194
0.7306084049057985,0.7595791403017675
0.8223454298762971,0.9689137367630276
0.857953686792353,0.14799273777123942
0.9568099551601235,0.33538362620529505
0.9543414822664542,0.5207752987097486
0.9566730047415398,0.7137726832987153
0.9617368754700389,0.9023027126197602
