0.0877344042476292,0.12759351949992365
0.08107009583605711,0.2916105044819113
0.0863932483121529,0.4967545553746859
0.08339954460955146,0.7418880522189357
0.09757431258149037,0.9297197268776137
0.307663606022786,0.1119877604197978
0.4019533373150925,0.23830790276947764
0.38592000620620226,0.5392696945206238
0.4048779292132757,0.6599981555680142
0.28978537301695756,0.9585854408863156
0.5317620022587117,0.12945074854442185
0.5108629937048115,0.32266947254393946
0.5448739814863176,0.4680369255452311
0.5388393156131306,0.6272029032056483
0.5193781818074699,0.9704101690272601
0.708367070682557,0.125629408463893
0.6985093870642199,0.2580423433736864
0.6781431637957817,0.5168195695639487
0.7063744186587039,0.6550020860677478
0.7335509344146051,0.9434197105240699
0.8310667540292299,0.12935683055816735
0.9531137915771272,0.30693784089613885
0.9536715236148624,0.5173712741013495
0.9400000056623561,0.7244262849602534
0.9295297688806725,0.9222685087865348
