0.07780540462426883,0.18093288523155457
0.0880126153636518,0.4266625255268744
0.08492940968530367,0.5697093727917941
0.08201317831115555,0.7754766881389112
0.11284183367922762,0.9436194674043549
0.2805676028786045,0.088100575100058
0.3818202916452311,0.20382668658066372
0.36515153526814736,0.5470933915250213
0.36546513928337765,0.7497901238903774
0.353414341727322,0.9679822347724326
0.5462751186243794,0.13036606075525242
0.4503888448006676,0.37076247314039384
0.5709726773919197,0.47158719476486344
0.5455393593340043,0.6481560504359193
0.6198752774728009,0.9691994898625889
0.7186452315803329,0.13658083962562248
0.6884847121203984,0.331688507722593
0.7295775184573327,0.5532937972191098
0.7305812341510746,0.7595867105056522
0.8218530767726618,0.9689868955079923
0.8421617377532139,0.14340345173450952
0.9567143229129854,0.32922404654207943
0.9543811422126783,0.5195214399825993
0.9566304139468859,0.7124451689913855
0.9612544671619591,0.9016885921551797
