0.07655081529737207,0.1475585284056682
0.08405160089529297,0.34091475969235385
0.08583136462776955,0.5263537139937499
0.08255797127068887,0.7606294880730894
0.11189627630431674,0.9414489671735462
0.28021852219142385,0.08781827347332466
0.3815305787220664,0.20414428649963048
0.3651514060934575,0.5470884327380606
0.365640318281475,0.7495403545178605
0.35278770461010256,0.9677910023426082
0.5450392634480502,0.13044030307195906
0.45047514218668905,0.37085571272804685
0.5709391752900596,0.471542434884771
0.5455411835155543,0.6481493649324915
0.6198562638125232,0.9691702532252349
0.7169346047855552,0.13637779189279253
0.6884612729071293,0.331719769547196
0.7295738126119675,0.5532896722801477
0.7305982701674297,0.7595631936176473
0.8217235782259219,0.9690074999062867
0.8390003124535058,0.1429320420125788
0.9567010232893113,0.3282604411965921
0.9543808100104971,0.5191839616015589
0.9566125823581779,0.7118172242294504
0.9611187273978692,0.9013261944432467
