0.07773491950916657,0.18166998954109823
0.08805430743470133,0.4288462230830306
0.08487403148079138,0.5714601558187968
0.08200319925164055,0.7754604471690977
0.11067349677598316,0.9427768064753088
0.2825151697440406,0.08954049194383845
0.3797344580910227,0.2072747965824684
0.36514726658258656,0.5470993516018332
0.3657526644699176,0.7494323939581589
0.35016083923347535,0.9677518869224881
0.5476097273141631,0.1309489451009317
0.4504269292513572,0.3707905258993297
0.5712539154857231,0.47169828966767063
0.5455356868130787,0.6481675566913863
0.6199080504947677,0.9690377711186724
0.7260870308200927,0.13701926237017953
0.6886272564539868,0.3314408925699645
0.729610921256841,0.5533264039851418
0.7307040681114958,0.7594954651617744
0.8226913130323938,0.9688673921333176
0.8718404002699565,0.15308893339797228
0.9568639327676604,0.34114515497340975
0.9542925215880883,0.5212892225518522
0.9566716726150255,0.7133874931954349
0.9620403771927254,0.9017531554446808
