0.0777574786609554,0.18155463483735015
0.0880471262992625,0.4292494902120621
0.08485483500549809,0.5721384434634521
0.08199565740823614,0.7760426826780036
0.11048574513976239,0.9431432272559777
0.2820579584406446,0.08926179115485745
0.3808414172769186,0.20625991433112373
0.36514918368073335,0.5471016396350447
0.3656570521972984,0.749585139098677
0.3497494969088292,0.9679174954684373
0.5480971903255385,0.13066738801016
0.45061684487105225,0.3710405444419885
0.5712495690487389,0.4717338625818441
0.5455356068208443,0.6481689854899467
0.6197988384723613,0.9691230889524831
0.7246155477317132,0.13692872617977794
0.6885907451568946,0.3315076493633589
0.7296031544593599,0.5533192065042416
0.7306405555425783,0.7595516127439326
0.8224791016809553,0.9688955023779704
0.8628035035301369,0.14960294404389599
0.9568323482993478,0.33726160459844906
0.9543255887152654,0.520958074267844
0.9566750511179343,0.713697181229113
0.9618571460355124,0.9021533431868878
