0.07779419449207224,0.18131016192893323
0.08803340778105974,0.4289580764731537
0.08485886205077868,0.5720713146014644
0.08199415969832703,0.776193356637673
0.11143314570651751,0.9435446687711755
0.28135729229514883,0.08872370290170302
0.3815666186110452,0.20508643668154775
0.3651511146539309,0.547100928526659
0.3655225335021696,0.7497615966506612
0.3511441921464353,0.9680294320488636
0.5472031101004419,0.13046901480238554
0.4506869044501228,0.3711338906406749
0.5711432715152238,0.47174147828930124
0.5455366418731538,0.648166694933004
0.6197863753502179,0.9692066435050639
0.7213453408660702,0.13675552277820058
0.6884786374296163,0.33171791868487904
0.7295860546648006,0.5533029444874243
0.7305783037242148,0.759601055437699
0.8221159764979004,0.9689467733437713
0.8502236483949432,0.1456516717595573
0.9567668911283024,0.33244563312214775
0.9543631162031563,0.520330538882732
0.9566596767078099,0.7134752871551989
0.9615187226361165,0.9022417225626422
