0.07774798213518597,0.18159543984315546
0.08804952459960311,0.4291164863281455
0.08486142255466693,0.5719151274569698
0.08199796089666346,0.7758581806535132
0.11047335267102242,0.9430067368686968
0.28220753023830897,0.08935874603075937
0.3805154336357046,0.20656530115316743
0.3651485186146619,0.5471007915369779
0.3656968936412449,0.7495241036007876
0.34977090589700427,0.967858600814017
0.5480634968380111,0.13074912744069328
0.45054809504593657,0.37095115123211503
0.5712554089132554,0.4717175488035659
0.545535657850951,0.6481683938891353
0.6198315779117154,0.9690914826636344
0.7252338611115049,0.13696214923890054
0.6886129565304988,0.3314654028850944
0.729606688501527,0.5533224721640958
0.7306640094185232,0.7595310154910491
0.8225615992097408,0.9688844930634601
0.8660449850938688,0.15078215892301253
0.9568456284156104,0.3385952911451647
0.954314002238071,0.5210733399238506
0.9566745777990833,0.7135942926132915
0.9619293190268944,0.9020149469349036
