0.07783849771241833,0.17431344688879308
0.08677438492047344,0.40871447405304384
0.0851529505961719,0.5498585762887792
0.08238676946892087,0.7644053608336367
0.11283421557159973,0.9422780425466636
0.280208469754621,0.08785063582473047
0.38167690804552157,0.20362069655625709
0.36515145370523183,0.5470904011500404
0.36547718883663344,0.7497568664511373
0.3540060217826753,0.9679408972829311
0.5456779070870873,0.13038638633402685
0.45029783284869146,0.3706453918627313
0.5709190928499059,0.4715327425686805
0.5455404141008565,0.6481517908270361
0.6199003923484718,0.969187884441666
0.717642788901797,0.1364984588067791
0.6884758623319933,0.3316960448266918
0.7295752860180783,0.5532912723046239
0.7305881033015806,0.759575675407863
0.8217722481528993,0.9689995680195802
0.8399336178939733,0.14293904420954678
0.9567027982843582,0.3284262070547803
0.9543834146576569,0.5192709489495553
0.9566193399288371,0.7120484761305286
0.9611709162007157,0.9014612772238173
