0.07772974010092781,0.1817186109700219
0.08805759695096642,0.42868061815462755
0.0848814832754311,0.5711706405198128
0.08200693893613555,0.7751924466088511
0.11092629525691773,0.9426557075523853
0.28272414363859255,0.0896601431008378
0.3791565952350061,0.2077940617691449
0.3651465021795733,0.5470986601891558
0.36577212221257577,0.7493948118757369
0.35060441180437213,0.9676931486750465
0.5471313757800464,0.13110010344842787
0.4503551278810796,0.3706936495849011
0.5712466425568483,0.4716919639323689
0.5455355973644146,0.6481673624632825
0.6199618289646492,0.9690091252773212
0.7264899899274179,0.13706162141163467
0.6886238937663826,0.33145112250227865
0.7296123037608414,0.5533277145440806
0.7307256111514953,0.7594762740848525
0.8227578259509647,0.968858727101088
0.875381753544018,0.15457372408347148
0.9568697424468374,0.34275159732752586
0.9542799131653369,0.5214210850936997
0.9566691459805489,0.7132659440567687
0.9620961803283643,0.9016009228936932
