0.07778994220296043,0.18136323421002978
0.08803656284826596,0.42913857099804376
0.08485325296126862,0.572232173020624
0.08199335860010337,0.7762452554440656
0.11120358135312403,0.9435076090570994
0.28150436719203376,0.08883880466283814
0.38148259271091617,0.20532763523172423
0.3651509113735304,0.5471017840858893
0.3655365011766628,0.7497483354913425
0.3507866485128856,0.9680298285812471
0.5473764502786717,0.13049653424662014
0.45071548907207537,0.3711690624381331
0.5711710259220031,0.4717558408545359
0.5455362607048787,0.6481679532165862
0.6197756108829989,0.9692011734098245
0.7218987652875374,0.13678631746479397
0.6884885151304386,0.33170080995135576
0.7295884906247799,0.5533053621900289
0.7305825447389281,0.7595989365027698
0.8221732906300379,0.9689383027102887
0.8521032467368674,0.14620828880909734
0.9567783627622579,0.3331731989211317
0.9543581942540994,0.5204659848907291
0.9566642041447401,0.713607719090125
0.9615745819890892,0.9022985691315693
