0.07779959311258605,0.18121812086068012
0.08802769668823679,0.42857831179849964
0.08487095413509482,0.5717107448899963
0.08199629307857921,0.7760642107221083
0.1118287819526303,0.9435844801752648
0.28110011471783225,0.08852462033762444
0.3816866437971398,0.2046623005182551
0.3651513483197002,0.5470990270857632
0.36550528698613716,0.7497727779979491
0.3517703523640147,0.9680185456094494
0.546944186021315,0.13042639526466507
0.4506111036943514,0.3710400091768484
0.5710929754384564,0.47170464496284864
0.5455373864342165,0.6481640073511518
0.6198092056901815,0.9692094935929269
0.7204893528131652,0.13670531117842488
0.6884736035765284,0.3317236100857742
0.7295827622149388,0.5532995662990209
0.7305757024527502,0.7596002373798687
0.8220289370791787,0.9689598681772048
0.84744036814473,0.14483831744010353
0.9567488584040829,0.3313422091475498
0.9543700673850695,0.5200912298069843
0.9566514081707164,0.7132032697199303
0.9614324745118873,0.902106068778232
