0.07776686720700428,0.1815149352545061
0.08804494030037192,0.42933184461971996
0.08485021103910197,0.5722921046174195
0.08199409992575366,0.7761711696609744
0.11057893889592008,0.9432627897288164
0.28192965485374893,0.0891706922895605
0.3810693000154327,0.20602520901990268
0.365149740211218,0.5471022653829251
0.3656195093164537,0.7496403207416166
0.3498620032125472,0.9679646601242445
0.5479968348231097,0.13061029209251518
0.4506728653684538,0.37111272602446177
0.5712387664636667,0.4717493396152364
0.5455356022257457,0.6481693881893879
0.6197782118881778,0.9691503599146122
0.723964085247441,0.13689494618730327
0.6885629979896092,0.33156077456947497
0.7295993694151108,0.5533156981980548
0.7306203555821463,0.7595690618656797
0.8223995532989999,0.9689062794115767
0.8598728754611866,0.1486103875011605
0.9568191610616938,0.33611402391113265
0.9543354257010512,0.5208515576281045
0.9566742972717441,0.7137593632411351
0.9617861323738346,0.9022557518332092
