0.07780401729626538,0.18113070399692247
0.08802213698754058,0.4281593310121493
0.0848841884234497,0.5712960448568831
0.0819991278315002,0.7759095765279451
0.11221398512967301,0.9436074797666336
0.28086214804135895,0.08834023106611945
0.3817725120136265,0.2042738612254899
0.36515147335608955,0.5470968769185789
0.36549182485442844,0.7497772935729364
0.35238838529386085,0.9680026823167645
0.5467071476941602,0.13039280940540868
0.4505215838289329,0.37092872311146474
0.5710436115072433,0.47165993699774705
0.5455381623374519,0.6481609978559163
0.6198338158219426,0.9692073644646079
0.7197348424051485,0.1366575272007789
0.688477246384257,0.3317118596357437
0.7295803404411512,0.5532969691543874
0.7305766248030598,0.7595961267609694
0.8219543595496969,0.9689712598732435
0.8451372647768087,0.1441840597976771
0.9567334451311186,0.3304116912744061
0.9543754061107025,0.5198585640631614
0.9566431320377436,0.7129103440676448
0.9613574881302788,0.9019487184602356
