0.08396503031774326,0.12940289511768915
0.08125602386267537,0.2927007441096295
0.0864298576258591,0.4977756192861871
0.08334788740674214,0.7440066559657375
0.09808337844112011,0.9313395050233123
0.30190819727822243,0.10721610402537274
0.39921034894862756,0.23829672725237167
0.37558051622819866,0.5432744667731093
0.4087946588718179,0.6691977590466093
0.29305217105407105,0.960607160437792
0.5338868521253013,0.1289008350490764
0.5132723193470847,0.330951671329335
0.5474662875973436,0.4601973328464959
0.5435486926679148,0.630067927988857
0.5233421581036665,0.9713263435503634
0.7096395866710118,0.12402459825377651
0.70255130617134,0.2578043472513962
0.6855107010222178,0.5206910769760588
0.7115600063783458,0.6643272633688792
0.7379613075686927,0.946698164007618
0.8334190376465453,0.1277076909531603
0.9567017192120607,0.3122473977377594
0.9548061472398167,0.5173997472901674
0.9484170004419668,0.7250296317494653
0.9320971497590947,0.9234416447151628
