0.07779912434679305,0.1808269193625216
0.08801191868683751,0.42541155345486414
0.08495583938688862,0.5681187235686076
0.08204030893024608,0.7749493575072469
0.11295145738203784,0.9435552780103457
0.28052318073031784,0.08806252049560889
0.38181311990410455,0.20377215331589682
0.3651515328463858,0.5470927601234729
0.36545900284311766,0.7497939909721684
0.3536232212115673,0.967979564458113
0.5461762014647855,0.13036570827476116
0.4503675071560871,0.37073547333005763
0.5709606969174577,0.4715745440529133
0.545539573803805,0.6481551390495612
0.6198836217754354,0.9691977331201329
0.718446471361797,0.13656569391623152
0.688484806367655,0.3316864590030044
0.7295770620824229,0.5532932747227745
0.7305822932761906,0.7595847749712628
0.8218358112570644,0.9689895775419632
0.8416747531677912,0.14328881777506655
0.9567114768307785,0.32903794102839534
0.9543818535349351,0.5194645841151788
0.9566281050527895,0.7123607923146773
0.9612367749126296,0.9016405940523924
