0.0777999789673826,0.18121059201947778
0.088027219931981,0.42854433856514024
0.0848720352403476,0.5716776642168883
0.08199650557111256,0.7760519906058708
0.11186137379953169,0.9435868549455101
0.28107914474192663,0.08850844264880683
0.38169520806100704,0.20462778407972756
0.36515136235625156,0.5470988532145308
0.3655040874038004,0.7497732972553999
0.3518223709481899,0.9680173089875896
0.5469240895753781,0.13042319298844604
0.4506038673425626,0.37103102836665314
0.5710887641768734,0.47170110427881795
0.5455374510113701,0.6481637639107183
0.6198112284544367,0.9692094624150952
0.7204229037663918,0.13670125093290947
0.6884736797884478,0.33172309417344464
0.7295825311622444,0.5532993231872196
0.7305756763247012,0.759599989364861
0.82202227248176,0.9689608805624824
0.8472312385654094,0.14477796389303824
0.9567474668469426,0.3312581629640171
0.9543705709635819,0.5200713588772485
0.9566507108867832,0.7131791829178309
0.9614258099736718,0.9020934378206237
