0.07772937282661739,0.1818777951190518
0.08806884252963702,0.42819203162838815
0.08490242468548072,0.570273095824927
0.08201978260530605,0.7743396858188087
0.11226849836543731,0.9424306436405409
0.2833807546836755,0.09006092875049315
0.3772242279537817,0.20948263123352606
0.36514448863822224,0.547097780585286
0.36573568470751333,0.7494071932825473
0.3528669803305939,0.9675858622205069
0.545291672245407,0.13161843044754729
0.4501074362317372,0.370360411056192
0.571196921225013,0.4716671829245206
0.5455345207027719,0.6481687458954796
0.6201332555600698,0.9689503358612899
0.727518060868254,0.13730217700709835
0.6886007337422094,0.33151494801288645
0.7296134013133587,0.553328897253181
0.7307710649441885,0.7594360614226027
0.8228831115581341,0.9688436517700194
0.8859000733324123,0.15877091216320183
0.9568559181593539,0.3470561385870654
0.9542522073765521,0.5216996594005279
0.9566589316930749,0.712915672552198
0.9621946559737854,0.9011971810609704
