0.07778172042192963,0.18143434245062792
0.08804059118613491,0.42930931570461
0.08484853666476881,0.5723604520451308
0.08199295870794701,0.776269331098482
0.11089412656168483,0.9434279769427439
0.2816997353338286,0.08899307878379496
0.38133949266366607,0.20564469579672823
0.3651505104871273,0.5471024905690638
0.3655645520267166,0.7497154330462105
0.3503152339746455,0.9680167915937548
0.547653272825966,0.1305391796562587
0.450725330176579,0.37118042192517975
0.5712059187532852,0.47176350467501477
0.5455358425780934,0.6481691421447442
0.6197672295053741,0.9691861812703666
0.72275890063617,0.13683240174053493
0.6885137914088572,0.3316541929498659
0.7295927190355173,0.5533094472599229
0.7305937940990362,0.7595909319595254
0.8222644129098684,0.9689251305139193
0.8551597186624217,0.14712706452829719
0.9567956067736805,0.33433230724113366
0.9543497632380753,0.5206457187513929
0.9566697721967479,0.7137374814314735
0.9616615688099072,0.902331622357645
