0.07780365691089751,0.1811377531671084
0.08802258392736428,0.4281952742898319
0.08488306210246309,0.571332158836078
0.0819988670898248,0.7759230103317707
0.11218235347194672,0.9436059001487065
0.2808805618417438,0.08835462424100145
0.38176685001784233,0.20430354932663175
0.3651514661754892,0.5470970587466883
0.36549291665753547,0.7497769830997647
0.352337398438899,0.9680040229575422
0.5467269274031408,0.13039516417816902
0.4505290671039554,0.3709380429634198
0.5710475880590676,0.4716637677472209
0.5455380982740982,0.6481612527961018
0.6198317532366425,0.969207660843255
0.7197943852497118,0.13666144128199603
0.6884767900353502,0.3317131565903029
0.7295805159517011,0.5532971612523584
0.7305764642865293,0.759596544556798
0.8219601432676623,0.968970371929461
0.8453128049072397,0.14423291604142585
0.9567346189916461,0.3304828050019069
0.9543750183217403,0.519877322019053
0.9566438096371749,0.7129347931391147
0.9613633334867507,0.9019621063218612
