0.07772906349462295,0.18172730873135873
0.08805819444243337,0.4286520187606484
0.08488275051724047,0.5711197891136757
0.08200762444313188,0.775144568950623
0.11098000853604642,0.9426365864335511
0.28276146716586686,0.08968162604876088
0.3790505110780715,0.20788876375590393
0.36514637154725516,0.547098557970584
0.3657741459431182,0.7493900428916198
0.35069693632277754,0.9676837707770096
0.5470369774407624,0.13112810510363368
0.45034251916920703,0.3706765702119145
0.571244908755192,0.4716910610770581
0.545535570797061,0.6481673580618791
0.619971521125879,0.9690045469885626
0.7265540982611042,0.13707026281638007
0.6886227417894644,0.3314541513265569
0.7296124691577217,0.5533278745118452
0.7307290726070712,0.7594731906426064
0.8227683099016415,0.9688573735376486
0.8759970151497063,0.1548330433517342
0.9568702320220814,0.34302898227864315
0.9542778291776316,0.5214430963472354
0.9566686636989165,0.7132454156157653
0.9621048813129065,0.9015754028350323
