0.07514653776635428,0.1338507625861467
0.08200742270244527,0.29712161362061607
0.08655079801637036,0.5046160052156454
0.08295185121546389,0.7531385443397103
0.10255587026649808,0.9370934294907238
0.2858508024317621,0.09381005215356533
0.38801140509858423,0.22048150299235028
0.3643123291023082,0.5474511845988564
0.3711152659756192,0.7411652010288687
0.32011956682198567,0.968321923111038
0.5402485124605969,0.13031097737560166
0.4908107924434893,0.3909656048417024
0.5689177573467894,0.46925210681436613
0.5461835235965318,0.6483901969105588
0.5675573354784332,0.9698207130244046
0.7123977365778696,0.1242029133641518
0.7028299602105359,0.2923484531360759
0.7298908422468342,0.553603516631753
0.7299972768127221,0.7583739829596574
0.7784763591328677,0.9677637666789919
0.8532847922817012,0.1374515006525651
0.9566621623895081,0.32785331344851415
0.9544319037370492,0.5188224578518132
0.9567448661641633,0.713709961770342
0.9479264136464786,0.9113465909648808
