0.07774430250077266,0.18197413281403563
0.08807575987496334,0.4279422856049306
0.08491301498260884,0.569779615455702
0.08202688869898883,0.7738776640914973
0.11342061694692394,0.9424333526082006
0.2837440748043245,0.0903150029294169
0.3761895136741913,0.2103632883513625
0.3651437860587432,0.5470983026999935
0.3656315938171819,0.7495276346605564
0.35479557536172845,0.9676021297663795
0.5443128945705945,0.13189972572632086
0.44992328193634,0.37011851397130724
0.5711515238834387,0.47162785768293514
0.545533184831136,0.6481712069400141
0.620222799235165,0.9689403973491337
0.728150805142407,0.13753947651034037
0.6886022955307259,0.3315244954315806
0.7296138976776333,0.5533295032674624
0.7307802559630557,0.7594285368874152
0.8228853519729564,0.9688458282177184
0.8916256803825207,0.16060560025320827
0.9568319267161235,0.3487251652555938
0.9542471071940224,0.5217105764054848
0.9566510912633491,0.712698149585518
0.9621857933757385,0.9010028341963479
