0.07740586994385425,0.16304176053619832
0.08570115139907077,0.38265332478667435
0.08534739277874262,0.5408807248424531
0.08246414768306828,0.7624886859429751
0.11262052465562003,0.9419450798266851
0.28012953417198827,0.08776690672547481
0.3815854438521793,0.20368104913669788
0.3651514143256724,0.547089555118379
0.36551655270493316,0.7497022322359342
0.35379516955555057,0.967900476886012
0.5454225594038687,0.13040575903488283
0.4503038458096833,0.37065008677965594
0.5709108260474163,0.4715246695804765
0.5455407398387284,0.6481506691760008
0.6198938214520124,0.9691820575306476
0.7173264688949353,0.13646449758151857
0.6884680285217363,0.3317083776724276
0.7295745946095503,0.5532905173372823
0.7305914755091967,0.7595711785748757
0.8217503691757976,0.9690030951141794
0.8393806939343276,0.14286761865187253
0.956700891536375,0.3282699086648045
0.9543831906641375,0.5192166998118184
0.9566162310402347,0.7119419637258897
0.9611477542827256,0.9013993946025497
