0.07772718949741021,0.1818446993451865
0.08806646067810979,0.4282876179739931
0.08489841778397841,0.5704536818443301
0.08201712685204082,0.7745106725571717
0.11192963686394548,0.9424549068148783
0.28324994465992376,0.0899759023468344
0.3776130302170747,0.20914882133079074
0.3651448313688038,0.5470977892161526
0.3657566032589279,0.7493863997991821
0.35230031529226385,0.967595779546091
0.5456700751942224,0.13151308987038715
0.45016382590563386,0.37043552083116105
0.5712101704747384,0.4716753084600254
0.5455348555120677,0.6481681953641911
0.6200994346157341,0.9689582157552109
0.7273136064539157,0.1372362423896655
0.6886041840560838,0.3315038202248047
0.7296133472773024,0.553328806116896
0.7307647187448059,0.7594415882280068
0.8228690321722194,0.9688449952653146
0.8838350198126876,0.15801245417233112
0.9568621444057193,0.3463165117972769
0.9542560117741398,0.5216669038815549
0.9566613184892623,0.7129871553849709
0.962185189908803,0.9012716677817908
