0.07780611876995762,0.18108836677309575
0.08801949463583157,0.42793114558603784
0.08489131230602096,0.5710646412477868
0.0820008502088524,0.7758263071022786
0.11240261760329268,0.9436163584484658
0.28075865771807595,0.08825847086219496
0.3818002605257781,0.20410908843685152
0.3651515065511139,0.5470957916624519
0.36548505445115936,0.7497794264282244
0.3526931612714649,0.9679949881614617
0.5465860912057056,0.1303806081899143
0.4504777828716175,0.37087408963215324
0.5710205035392106,0.47163704374547905
0.5455385405181884,0.6481594716341514
0.6198461832514888,0.969205294109973
0.7193887450470584,0.13663424019385909
0.6884801028489743,0.33170377460087513
0.7295793689427111,0.5532958941412082
0.7305777940058256,0.7595934465363365
0.8219211813789817,0.9689763654776872
0.844141255993267,0.14391143569308795
0.9567268381679376,0.3300089987931672
0.954377524283074,0.5197493073340201
0.9566391371367503,0.7127651295492097
0.9613238710832749,0.9018685109541515
