0.07778448291532411,0.18141378734882013
0.08803945068021847,0.429270795148218
0.08484946075616831,0.5723367485527967
0.08199297549775385,0.7762696693459884
0.11098321411407915,0.9434557258041837
0.28164327184521776,0.08894843142303265
0.381386118648276,0.2055533643523609
0.36515064610779935,0.5471023529994831
0.3655549516323085,0.7497273512184744
0.3504493176990162,0.9680227830537875
0.5475676604307844,0.13052582718690406
0.45072674625115633,0.3711825055738162
0.5711961958569686,0.4717629455450702
0.5455359489239835,0.6481688719762351
0.6197685895072008,0.9691917094771254
0.7224928361377307,0.13681833055624928
0.6885048064582876,0.33167097006493124
0.7295913572783163,0.5533081441834123
0.7305896704101591,0.7595940521666782
0.822235895118311,0.9689292121131536
0.8541941746594144,0.14683446445206727
0.9567903460405196,0.33396841635549573
0.954352490535514,0.5205938614843434
0.9566682498896826,0.7137075156421429
0.9616346006024961,0.9023289210034238
