0.07510830841175321,0.1339469030033614
0.08206811150277721,0.29787694178455815
0.08655320974974538,0.5055908049539597
0.0829052707316726,0.7540280721561575
0.10323638845123119,0.9375490654527558
0.2850266285655693,0.09296166485832832
0.3871098197456099,0.21721867261076597
0.36426787469465066,0.5478002684117956
0.36794155217643104,0.7461121504687453
0.32490060623562905,0.968504737549479
0.5412544030026539,0.13064223306750217
0.48163538581149057,0.39527995056948767
0.5724893521209539,0.47066654034706273
0.5458330686369129,0.6483236208541409
0.5756157625568914,0.9695701182444468
0.7126888826509112,0.12560043369193608
0.700666827840956,0.3005423257340858
0.7298141419638171,0.5535278364131265
0.7302044096098433,0.7585580074704416
0.7837211543585058,0.9680012229143719
0.8527152111065845,0.1387151789287045
0.9566746023005395,0.32850596603858695
0.9544170703193667,0.5189315384344604
0.956709443387605,0.713255881029409
0.949692145627232,0.9099121223607868
