0.07780473397641133,0.1811166663830639
0.08802125117603807,0.4280862733647593
0.08488647339056964,0.5712223496664047
0.08199966715540533,0.7758824042064226
0.11227705080916538,0.9436105373101012
0.28082627952791844,0.08831208003933703
0.38178296131877043,0.20421631090064749
0.36515148622874305,0.5470965136351571
0.365489620946127,0.7497779363676447
0.35249014692239006,0.9680000382112263
0.546667312378532,0.1303883692036736
0.45050674179227534,0.37091022721034195
0.5710357596639355,0.4716522744323101
0.5455382896866133,0.6481604879192049
0.6198379400805615,0.9692067254170473
0.7196173976432566,0.13664972895855462
0.6884781893897259,0.3317091960945694
0.7295800016348889,0.5532965965023253
0.7305769784280178,0.7595952632067993
0.8219430135432567,0.9689730036417028
0.8447945217426085,0.14408931300212735
0.9567311595224877,0.33027291045874985
0.9543761516146951,0.5198214938169834
0.9566417862985471,0.7128616134592521
0.961346008030742,0.901921928391397
