0.07776815362603848,0.18150915446873336
0.08804462914697034,0.4293385530262744
0.08484974903598079,0.57230759062753
0.08199393485743992,0.7761849826125108
0.11059756183639108,0.9432781923252757
0.281912160785215,0.08915769083418304
0.3810958247665342,0.20599495856275776
0.3651498111236241,0.5471023291935961
0.36561452790756355,0.7496474555981076
0.34988704882421445,0.9679703105241272
0.5479752280167317,0.13060357711814438
0.4506794685814123,0.3711212113527828
0.5712368203828567,0.47175124479090474
0.5455356081413252,0.6481694199943255
0.6197761929601163,0.9691538216758224
0.723869986997318,0.13689009597825127
0.6885588917584028,0.33156862602843296
0.7295988284008287,0.5533151947352046
0.7306177922895365,0.759571244055422
0.822388530103785,0.968907789136055
0.8594778443961383,0.14848138331971583
0.9568173047309986,0.3359626449060192
0.9543366977318949,0.5208364580388026
0.956674087778013,0.7137642041331907
0.9617761656100923,0.9022669504424848
