0.07780116952032284,0.18085889602568966
0.08801194276199341,0.4258022134208052
0.08494952020714613,0.5686573760103787
0.08202916599502018,0.7751570957594018
0.11292753724761445,0.9435825166005235
0.28053413814619116,0.08807189337844862
0.3818155428573076,0.20378487068092083
0.3651515341876965,0.5470929154967653
0.3654603605171035,0.7497932345346336
0.35357195091105453,0.9679803379763328
0.5462014204001154,0.13036562951955105
0.4503726942862462,0.37074204729233384
0.5709636248434331,0.4715776250465782
0.5455395208351321,0.6481553632445324
0.6198815789755144,0.9691981842681929
0.7184956800514877,0.13656948142462236
0.6884848522388543,0.33168683728163556
0.7295771741669368,0.5532934029968761
0.7305820211161462,0.7595852630843563
0.8218400396047858,0.968988919719609
0.8417935026617415,0.14331627174726233
0.9567121585378546,0.3290829213388878
0.954381688554149,0.5194784169023168
0.9566286738275843,0.7123815317728625
0.9612411140342917,0.9016524094077666
