0.07719401022729307,0.15561328273912192
0.08481019230109768,0.3633462910250311
0.08552188787070125,0.5344211040047947
0.0825065232747217,0.7616328436534535
0.11238933367305984,0.9417480706056593
0.2801471731345688,0.08775363359248575
0.38154134435317255,0.20379319899097978
0.3651514014574473,0.5470890801888864
0.3655569995388152,0.7496485559946657
0.35349052217348076,0.9678632211399064
0.5452628286293065,0.13041961153073778
0.4503366711664259,0.3706885445879351
0.5709129725576744,0.4715255299589048
0.5455409312335324,0.6481500853272925
0.6198830686933268,0.9691776027944757
0.7171508587742395,0.13643765247559025
0.6884633811586667,0.3317160913781009
0.729574208581323,0.5532901028256364
0.7305940444980263,0.7595680431765737
0.8217389203805194,0.9690049909509615
0.8391387735316009,0.14286142575881855
0.9567004393308134,0.3282245734290486
0.9543825874816227,0.5191953406328608
0.956614577180334,0.7118860518226601
0.9611353708371736,0.9013665764627962
