0.07779126819147855,0.1813482580962532
0.0880356847622983,0.4290912875632012
0.08485469736869033,0.5721912383069783
0.08199354817517789,0.7762328287390309
0.11126861058329283,0.9435195361028471
0.281463016917724,0.08880632937319256
0.38150770847965243,0.2052600316973561
0.3651509752885146,0.5471015653416874
0.36553211228796206,0.7497528099416142
0.35088739052849466,0.9680303551969216
0.5473249794196603,0.1304885073874887
0.45070889881307585,0.3711609887440142
0.5711633093147372,0.4717524163806588
0.5455363636487708,0.648167624474096
0.6197783841836831,0.9692030990484269
0.7217364275012266,0.13677739485046467
0.6884850670393361,0.33170693951112684
0.7295877518247089,0.5533046348855473
0.7305810719702363,0.7595997918724463
0.8221563903685103,0.9689407863967837
0.8515454755238221,0.14604257068790874
0.9567750264463818,0.3329587217218111
0.9543596738193708,0.5204279149633965
0.956662949099564,0.7135727083728943
0.9615581967402509,0.9022846442412227
