0.07778776517135576,0.18138529696905042
0.08803783783413995,0.42920198422265493
0.08485136953567353,0.5722848301550714
0.0819931387260959,0.7762596341603418
0.11110747036614947,0.9434874214543633
0.2815650843621519,0.08888664035794146
0.38144303528790957,0.2054265554912896
0.36515080595028343,0.5471020676327182
0.3655437810936736,0.7497404240905494
0.3506386780454676,0.9680278824399227
0.5474564693793884,0.13050883491267246
0.4507226785112308,0.37117779272057094
0.5711821959711615,0.4717598494627443
0.5455361171088461,0.6481683935530286
0.6197720317537169,0.9691976663223111
0.7221485343717404,0.13679988994576572
0.6884946842731237,0.3316896370145751
0.7295896653643005,0.5533065093802693
0.7305852007674482,0.7595972249594635
0.8221994546296969,0.9689344820784952
0.8529723790178708,0.1464675286664723
0.9567834440643579,0.3335052628853555
0.9543558548235399,0.5205218928800806
0.956666011650262,0.713655158353262
0.9615997982223404,0.9023153414634266
