0.076843442013819,0.15056978364930929
0.0843215811664195,0.34944183179327487
0.08570106628755843,0.5294698104187503
0.08253772874921797,0.7610231424953193
0.11212863845939379,0.9415784900368067
0.28017472164503626,0.0877752771562528
0.381523951551762,0.2039597636278897
0.3651514000968743,0.5470887028774882
0.3656013153363727,0.7495907608826785
0.3531235397162529,0.9678243197713661
0.5451326137568758,0.1304315670681346
0.45039826624224216,0.37076251169129615
0.5709233231093884,0.47153224105154934
0.5455410811865802,0.6481496582148181
0.619869415233606,0.9691733916346802
0.717021252078788,0.13640770747354694
0.6884610384429305,0.3317201061853917
0.7295739425796247,0.5532898173365344
0.7305964719196729,0.7595652335555269
0.8217304072066193,0.9690064185456663
0.839023697336193,0.14288846844650044
0.9567005854310194,0.32822870674833204
0.9543817078027583,0.5191860140234765
0.9566133774500883,0.7118451551498857
0.9611260286403088,0.9013423941801886
