0.07778851693093579,0.18137800224586087
0.08803741877262107,0.42918190434437004
0.0848519571772342,0.5722685075240285
0.0819932031188471,0.7762554462898856
0.11113928031887753,0.9434944726001065
0.2815450325011094,0.08887082448383879
0.381456489426546,0.20539393326367214
0.36515084240961865,0.5471019793723871
0.36554125627362444,0.7497432303739886
0.3506875209962792,0.9680286962053395
0.5474294376860088,0.13050469770533119
0.45072065791820703,0.3711753541425791
0.5711785310689961,0.47175866878326017
0.5455361634316154,0.6481682541501695
0.6197731398941223,0.9691989218651437
0.7220644522042697,0.13679534074542418
0.6884924930050421,0.33169362915168904
0.7295892648342268,0.5533061194486697
0.7305842528380786,0.7595978555086595
0.8221906235417504,0.9689357682661358
0.8526782647271745,0.14637965396008526
0.9567817406137679,0.3333931651451927
0.9543566512625951,0.5205034285462818
0.9566654201367353,0.7136400674960507
0.9615913078978052,0.9023103343399008
