0.0777506562826668,0.18158345469544782
0.0880488015270281,0.4291586100411992
0.08485938333537928,0.5719851203783082
0.08199722367933496,0.775916539687279
0.11046732361828412,0.9430470755091166
0.2821617469429468,0.0893299733589257
0.38062055482646007,0.20646835269936656
0.36514871973276125,0.5471010482120656
0.36568551629970025,0.7495418027938304
0.3497491168183698,0.9678764384862781
0.5480904567930651,0.13072267773343726
0.45056866750447344,0.3709780172900711
0.5712542519335007,0.47172205896756386
0.5455356418163846,0.6481685707352316
0.619820951926821,0.9691008538968109
0.7250621729739857,0.13695259765122691
0.6886074668160206,0.33147576447233307
0.7296057255963231,0.553321582321731
0.7306570487081983,0.7595371533468133
0.8225378480127642,0.9688876492908997
0.8650852744993524,0.15042382527921985
0.9568418628318155,0.3381927144854319
0.9543174949892919,0.5210389401882757
0.9566748326609578,0.7136269617589392
0.961908676164346,0.9020575234537435
