0.07572108059411461,0.1338226603428912
0.08181141269926268,0.2955546277498905
0.08651743810991024,0.5016835920210063
0.08310592854917104,0.750023457943764
0.1007237126423237,0.9354386298901064
0.2888286822284452,0.0967984614341385
0.39102306521242325,0.23066171422329904
0.36418003976306895,0.5466547430292978
0.38843786265884855,0.7166550450316261
0.30716204457070595,0.9660922733026748
0.5374632026495363,0.12940766346760563
0.511738823147828,0.36402422081017427
0.5570827354946155,0.4620091546356996
0.5462338829153165,0.6474424297096618
0.5446947237613505,0.9709209621735929
0.7114064277891479,0.12143886869625778
0.7066486489094934,0.2736393114078781
0.7240187134324065,0.5476071205742268
0.7255920901725403,0.72870473777588
0.7597244217791272,0.9635808719715071
0.8505569350578839,0.13302918962388757
0.9566273033638597,0.3242790289868129
0.9545042836068579,0.5181513647989816
0.9568128145801604,0.7162227255689972
0.9420152652154374,0.9164789673707988
