0.07778110716951532,0.18041751043139617
0.08798103243326819,0.42218079760802923
0.08495926947243793,0.5618299413431478
0.08221725736734274,0.7711708801954621
0.11298487183671466,0.9431104102615498
0.28045125924044134,0.08800396106315969
0.38178752657243387,0.20370478628469696
0.36515151230450754,0.5470918652503804
0.36545649299504074,0.7497917159272616
0.3538749083660295,0.9679718868576505
0.5460171199807594,0.13036867046217376
0.45033800944122837,0.3706979333005646
0.5709440459010195,0.471557315668783
0.5455398836052257,0.6481538543150558
0.619893718580267,0.9691947211857429
0.7181569628637398,0.13654285093417917
0.6884834358574343,0.3316863203518715
0.7295764111493072,0.5532925328141522
0.7305840953042503,0.7595817275745318
0.8218116301701105,0.968993353785064
0.841001962223872,0.14314043355512157
0.9567077966192464,0.3287892823262695
0.9543826721737944,0.519387191151663
0.9566248155453968,0.7122417821096002
0.9612118704136581,0.9015725786188374
