0.07569993102358558,0.14031517684132894
0.08331524411990254,0.32005936034142474
0.08619341570637414,0.5183526389995275
0.08261903375164231,0.75944037413606
0.11072661241083298,0.9409054502678521
0.2806593595059042,0.08824410477349157
0.3818193399138253,0.20548579756668833
0.36515107478389264,0.5470878520573685
0.3658327446529305,0.7492947292438418
0.3510786593208913,0.9676334838592493
0.5447188364181816,0.1304722138189211
0.4512087305965462,0.37176423642728296
0.5711542740565814,0.4716587273094383
0.5455412769571967,0.6481481072904745
0.6197184565001806,0.9691978587770408
0.716606115337443,0.1361183181928829
0.688514650162842,0.33162502500363095
0.7295760658824171,0.5532916906037764
0.7305813158345258,0.7595787414151001
0.8215596144877131,0.969018362673136
0.8395038912928371,0.14332228923316695
0.9567049975059819,0.3286070965190073
0.9543761379906349,0.5191994555413388
0.9566104428788726,0.7117153509156485
0.9610067958894082,0.9013187316455785
