0.07774152390615983,0.18196138972120635
0.08807485614724367,0.42797227047857433
0.08491171291245563,0.5698413616006273
0.08202602618563483,0.7739351314860232
0.11325451447194294,0.9424265918849336
0.2836973628217913,0.09028082466509309
0.37631651836944147,0.21025537499537103
0.36514385188671156,0.5470981864982908
0.3656491207012353,0.7495064560753071
0.35451674981297415,0.967595848557897
0.5444290947312058,0.13186517864273223
0.4499493430339837,0.37015246822401204
0.5711580185585736,0.47163454030735397
0.5455333921297812,0.6481708060415294
0.620211759768616,0.9689406298068223
0.7280623616100509,0.137504608574749
0.6886009268598708,0.33152558393650977
0.7296137753759933,0.5533293677561292
0.7307798133111992,0.7594288168069651
0.8228883872899574,0.9688450073490801
0.8908877974396865,0.16039278913300867
0.9568354843485375,0.3485425619341093
0.9542472917927745,0.521716196836878
0.9566522031841466,0.7127279455419999
0.9621901344541304,0.9010267121815208
