0.07772848165410706,0.18186659127403382
0.08806803477698752,0.4282239570810533
0.08490108793261399,0.5703337587510884
0.08201889056614908,0.7743970083765591
0.11215042699552903,0.942437458547975
0.2833368372873192,0.09003202229931925
0.37735434071358065,0.20937119048019318
0.3651445993693611,0.5470977729369093
0.3657435941694125,0.7493990134256738
0.3526696188319422,0.9675883961778208
0.5454180786343348,0.1315831424785154
0.45012690673553485,0.3703862850742463
0.5712015592478937,0.47167020164779616
0.5455346410717307,0.6481685432148492
0.6201219632452672,0.9689527456566135
0.7274485038593151,0.13727889488735895
0.6886017200258765,0.3315115247562759
0.7296133826825756,0.5533288656728486
0.7307691006129585,0.7594377631697402
0.8228790895694886,0.9688439917828057
0.8852075185327914,0.15852169175744052
0.9568581715277992,0.3468156887771063
0.95425337520483,0.5216902230019682
0.9566597569362062,0.7129399840431759
0.9621921438221522,0.9012219268460385
