0.07773489143130038,0.18192440882446648
0.08807220629689212,0.4280649726059093
0.084907759032819,0.5700271708409855
0.08202337361314242,0.7741085616560884
0.11279582809917954,0.9424180736044279
0.28355959705724015,0.09018261548084854
0.37670300340943913,0.20992700554116958
0.3651440906849121,0.5470979305722643
0.3656934718504837,0.749454110521452
0.35374848438786927,0.9675849173645278
0.5447907723617896,0.13176004363535337
0.4500220740938383,0.3702476861318226
0.5711760887697979,0.47165130671846633
0.545533941460886,0.6481697736384883
0.6201783269503597,0.9689431411858997
0.7278147563768518,0.13740912186276513
0.6885990493105486,0.33152446700949967
0.729613536032098,0.5533290869905625
0.7307772161421543,0.7594308450434445
0.822891469331114,0.9688435474753568
0.888716502202172,0.15972554498901753
0.9568452117936719,0.3479495406270476
0.9542486550232393,0.5217205205555198
0.9566553036138719,0.712812574411996
0.9621972584478405,0.901099123304833
