0.07779674539329735,0.18078970997719654
0.08801177039163023,0.42496575234210604
0.08496040301356578,0.5674450008851254
0.08205679967790219,0.7746489447622174
0.11297123168846088,0.9435158538093132
0.2805121854760522,0.08805316463578702
0.3818102339780793,0.20375996286795178
0.36515153084985175,0.5470926063946134
0.3654578655888231,0.7497944798697117
0.353672899128061,0.9679786600569384
0.5461506379889667,0.1303659015448178
0.45036240624212764,0.3707290016624049
0.5709578126861922,0.4715715202601184
0.5455396264096011,0.648154917508397
0.6198855959056868,0.9691972689832882
0.7183975616740657,0.13656190380571342
0.6884847107390095,0.33168617713471527
0.7295769511552013,0.55329314786837
0.7305825729740971,0.7595842815887223
0.8218316408472373,0.968990227083539
0.8415579475275773,0.143262154711623
0.95671081487149,0.3289939827470304
0.9543820101353523,0.5194510130143281
0.956627542056614,0.7123403018957415
0.9612324907029057,0.9016289096891965
