0.07773393691638872,0.1816776713118115
0.08805482064669931,0.42881935100617846
0.08487525367062776,0.5714137777697106
0.08200377823285263,0.7754181555329124
0.11070778928032099,0.942756066014058
0.282548086769801,0.0895593529690725
0.3796454504888321,0.20735510820121286
0.36514714219863886,0.5470992285693835
0.36575665538344737,0.7494252313501649
0.3502221837170057,0.9677419244008735
0.5475410560386698,0.13097206382711657
0.4504153259086491,0.37077493462341565
0.5712530544082566,0.47169707300893937
0.5455356790956907,0.6481675066758742
0.6199164611216369,0.9690328944742521
0.7261568098805815,0.13702542927103212
0.6886271817808953,0.3314415375230003
0.7296111992475688,0.55332666519915
0.730707723955276,0.7594922096441978
0.8227027404859043,0.9688658964593674
0.8724121589178758,0.15332658228557028
0.956865195715769,0.34140418690328633
0.9542904311355573,0.5213108620779704
0.9566712950779844,0.7133674499768383
0.9620500276017302,0.9017279813005906
