0.07779572234161675,0.1812870561016851
0.08803199902347279,0.42886960487273124
0.08486166773129573,0.5719892104488383
0.08199461234414754,0.7761648785434996
0.11153244329583517,0.9435569777423978
0.2812928401934235,0.08867360267769883
0.38159946863270333,0.20498022756581027
0.3651511854537594,0.5471004943995992
0.36551758768277914,0.7497654879135374
0.3513003142110307,0.9680276330372395
0.5471344456386007,0.13045774235259913
0.45067048634084916,0.3711135968979837
0.571130873010586,0.4717334825135794
0.5455368202011952,0.6481660741767392
0.6197917206908166,0.9692080133877009
0.7211206973480218,0.13674268555443367
0.6884761500594709,0.33172178730749885
0.7295851339241025,0.5533020143222358
0.7305771852649793,0.759601295279109
0.8220929417538057,0.9689502139007385
0.8494781968945173,0.1454323644607407
0.9567621695273095,0.3321531201878515
0.9543650188848822,0.5202710475846051
0.9566576457911968,0.7134113237779912
0.9614960512079508,0.9022113717058473
