0.07780428804521618,0.18091125871235716
0.08801226399445006,0.4264228234836744
0.0849357167236975,0.5694316155719134
0.08201668205619166,0.7754026379129084
0.11287187562236964,0.9436122492629918
0.2805562877491921,0.08809088488890715
0.38181910818886505,0.20381209530340025
0.36515153530064876,0.547093231175621
0.36546348524407707,0.7497912303266957
0.35346710850498475,0.9679816339094323
0.5462508694710952,0.13036580739350803
0.4503833564498884,0.3707555389092629
0.5709696143294857,0.4715839520198098
0.5455394136527792,0.6481558190594329
0.6198773891487395,0.9691990596466233
0.7185950479201689,0.13657705330700493
0.6884848029628539,0.33168786605465755
0.7295774022381971,0.5532936641496335
0.7305814932024327,0.7595862292976175
0.821848672099329,0.9689875788154113
0.8420369626879033,0.14337358146884402
0.9567135815111143,0.32917596916976755
0.9543813329864248,0.5195068494907622
0.9566298283693259,0.7124237277119153
0.9612499595556137,0.9016764135011384
