0.0950920245398773,0.7627627627627628,3
0.07975460122699386,0.4804804804804805,1
0.9355828220858896,0.35435435435435436,21
0.36809815950920244,0.06606606606606606,5
0.9969325153374233,0.948948948948949,24
0.06748466257668712,0.7687687687687688,3
0.7085889570552147,0.14714714714714713,15
0.941717791411043,0.8258258258258259,24
0.6012269938650306,0.6306306306306306,13
0.5766871165644172,0.15315315315315314,10
0.6809815950920245,0.7507507507507507,18
0.2392638036809816,0.06006006006006006,5
0.09815950920245399,0.5435435435435435,2
0.9355828220858896,0.08108108108108109,20
0.941717791411043,0.8648648648648649,24
0.6871165644171779,0.3483483483483483,16
0.2147239263803681,0.9819819819819819,4
0.4539877300613497,0.35435435435435436,11
0.40797546012269936,0.5075075075075075,7
0.7024539877300614,0.5885885885885885,17
0.07975460122699386,0.25225225225225223,0
0.30368098159509205,0.8288288288288288,8
0.3803680981595092,0.1921921921921922,6
0.10736196319018405,0.3963963963963964,1
0.49079754601226994,0.42042042042042044,11
0.05521472392638037,0.8258258258258259,3
0.941717791411043,0.45045045045045046,22
0.07975460122699386,0.8378378378378378,3
0.7147239263803681,0.948948948948949,14
0.9447852760736196,0.7777777777777778,23
0.8251533742331288,0.06606606606606606,20
0.34049079754601225,0.7927927927927928,8
0.8098159509202454,0.7297297297297297,18
0.558282208588957,0.18618618618618618,10
0.6012269938650306,0.46546546546546547,12
0.9877300613496932,0.972972972972973,24
0.5245398773006135,0.975975975975976,14
0.0705521472392638,0.7897897897897898,3
0.9693251533742331,0.30930930930930933,21
0.6809815950920245,0.5675675675675675,17
0.9785276073619632,0.8138138138138138,24
0.0950920245398773,0.1111111111111111,0
0.9539877300613497,0.5075075075075075,22
0.06134969325153374,0.7147147147147147,3
0.7607361963190185,0.22822822822822822,15
0.3619631901840491,0.29429429429429427,6
0.25153374233128833,0.9579579579579579,9
0.6104294478527608,0.4774774774774775,12
0.9355828220858896,0.8708708708708709,24
0.5828220858895705,0.4924924924924925,12
0.941717791411043,0.46546546546546547,22
0.09815950920245399,0.4264264264264264,1
0.08895705521472393,0.4174174174174174,1
0.5858895705521472,0.45345345345345345,12
0.25153374233128833,0.07807807807807808,5
0.6932515337423313,0.36036036036036034,16
0.08895705521472393,0.8498498498498499,3
0.6748466257668712,0.5315315315315315,17
0.5521472392638037,0.6096096096096096,13
0.30368098159509205,0.5285285285285285,7
0.7576687116564417,0.18018018018018017,15
0.754601226993865,0.04804804804804805,15
0.9478527607361963,0.09009009009009009,20
0.2791411042944785,0.8318318318318318,8
0.31901840490797545,0.5585585585585585,7
0.754601226993865,0.16216216216216217,15
0.5122699386503068,0.04504504504504504,10
0.549079754601227,0.1921921921921922,10
0.06134969325153374,0.08108108108108109,0
0.7638036809815951,0.96996996996997,19
0.2883435582822086,0.09309309309309309,5
0.3496932515337423,0.9579579579579579,9
0.9969325153374233,0.978978978978979,24
0.6042944785276073,0.42342342342342343,12
0.07975460122699386,0.8348348348348348,3
0.9294478527607362,0.7237237237237237,23
0.7147239263803681,0.18018018018018017,15
0.5736196319018405,0.46546546546546547,12
0.7576687116564417,0.5645645645645646,17
0.7331288343558282,0.0990990990990991,15
0.5950920245398773,0.4594594594594595,12
0.3834355828220859,0.26426426426426425,6
0.941717791411043,0.15915915915915915,20
0.0736196319018405,0.3933933933933934,1
0.8865030674846626,0.963963963963964,19
0.06748466257668712,0.6276276276276276,2
0.3128834355828221,0.0990990990990991,5
0.07668711656441718,0.16516516516516516,0
0.5398773006134969,0.7057057057057057,13
0.41411042944785276,0.36036036036036034,11
0.7147239263803681,0.2822822822822823,16
0.05214723926380368,0.15315315315315314,0
0.07975460122699386,0.08108108108108109,0
0.3374233128834356,0.5105105105105106,7
0.5613496932515337,0.996996996996997,14
0.9447852760736196,0.7177177177177178,23
0.17791411042944785,0.9669669669669669,4
0.2331288343558282,0.08108108108108109,5
0.39263803680981596,0.33633633633633636,11
0.10736196319018405,0.6216216216216216,2
0.046012269938650305,0.17717717717717718,0
0.06441717791411043,0.7957957957957958,3
0.26993865030674846,0.08708708708708708,5
0.08282208588957055,0.5945945945945946,2
0.3343558282208589,0.7387387387387387,8
0.39570552147239263,0.5555555555555556,7
0.7576687116564417,0.5285285285285285,17
0.34662576687116564,0.23123123123123124,6
0.696319018404908,0.15015015015015015,15
0.6380368098159509,0.43243243243243246,12
0.745398773006135,0.23123123123123124,15
0.24233128834355827,0.0960960960960961,5
0.6717791411042945,0.1891891891891892,15
0.6196319018404908,0.4594594594594595,12
0.803680981595092,0.14414414414414414,15
0.5766871165644172,0.5405405405405406,12
0.48466257668711654,0.4264264264264264,11
0.8006134969325154,0.08108108108108109,15
0.6809815950920245,0.7717717717717718,18
0.7147239263803681,0.16816816816816818,15
0.7361963190184049,0.26426426426426425,16
0.8067484662576687,0.14414414414414414,15
0.5705521472392638,0.48348348348348347,12
0.2791411042944785,0.08708708708708708,5
0.37116564417177916,0.2012012012012012,6
0.7638036809815951,0.960960960960961,19
0.07668711656441718,0.6096096096096096,2
0.7699386503067485,0.5885885885885885,17
0.6104294478527608,0.4084084084084084,12
0.8006134969325154,0.7057057057057057,18
0.5,0.6096096096096096,13
0.6441717791411042,0.0990990990990991,15
0.40797546012269936,0.5195195195195195,7
0.07668711656441718,0.08408408408408409,0
0.22085889570552147,0.0990990990990991,5
0.7914110429447853,0.07207207207207207,15
0.3803680981595092,0.7897897897897898,8
0.6042944785276073,0.4144144144144144,12
0.08895705521472393,0.17117117117117117,0
0.29754601226993865,0.1921921921921922,6
0.05828220858895705,0.2552552552552553,0
0.4754601226993865,0.17717717717717718,10
0.8159509202453987,0.15615615615615616,15
0.0736196319018405,0.8918918918918919,4
0.4662576687116564,0.15015015015015015,10
0.5736196319018405,0.1831831831831832,10
0.049079754601226995,0.978978978978979,4
0.7331288343558282,0.5705705705705706,17
0.08895705521472393,0.3993993993993994,1
0.49693251533742333,0.3963963963963964,11
0.0736196319018405,0.2012012012012012,0
0.745398773006135,0.5675675675675675,17
0.9815950920245399,0.7897897897897898,23
0.7883435582822086,0.5555555555555556,17
0.08895705521472393,0.6336336336336337,2
0.046012269938650305,0.08408408408408409,0
0.34355828220858897,0.96996996996997,9
0.20552147239263804,0.07207207207207207,5
0.11042944785276074,0.6726726726726727,2
0.5030674846625767,0.46546546546546547,12
0.43558282208588955,0.7507507507507507,8
0.7024539877300614,0.7717717717717718,18
0.4325153374233129,0.963963963963964,9
0.10122699386503067,0.7837837837837838,3
0.4938650306748466,0.0960960960960961,10
0.5552147239263804,0.6936936936936937,13
0.9785276073619632,0.19519519519519518,20
0.9539877300613497,0.22522522522522523,20
0.5398773006134969,0.45645645645645644,12
0.4539877300613497,0.93993993993994,9
0.7791411042944786,0.1921921921921922,15
0.07668711656441718,0.8228228228228228,3
0.3343558282208589,0.24924924924924924,6
0.7760736196319018,0.1981981981981982,15
0.7116564417177914,0.35435435435435436,16
0.10429447852760736,0.23123123123123124,0
0.9631901840490797,0.057057057057057055,20
0.9447852760736196,0.32432432432432434,21
0.39263803680981596,0.14714714714714713,6
0.7300613496932515,0.7807807807807807,18
0.3588957055214724,0.5795795795795796,7
0.696319018404908,0.5885885885885885,17
0.08895705521472393,0.45645645645645644,1
0.9478527607361963,0.07807807807807808,20
0.07975460122699386,0.8528528528528528,4
0.5950920245398773,0.14714714714714713,10
0.7668711656441718,0.7537537537537538,18
0.5552147239263804,0.1891891891891892,10
0.8220858895705522,0.17117117117117117,20
0.6625766871165644,0.963963963963964,14
0.37116564417177916,0.2732732732732733,6
0.2822085889570552,0.07507507507507508,5
0.6687116564417178,0.9519519519519519,14
0.9478527607361963,0.8738738738738738,24
0.6901840490797546,0.5615615615615616,17
0.5674846625766872,0.5195195195195195,12
0.941717791411043,0.5345345345345346,22
0.6901840490797546,0.5555555555555556,17
0.0705521472392638,0.26426426426426425,0
0.12883435582822086,0.975975975975976,4
0.5122699386503068,0.4774774774774775,12
0.7791411042944786,0.15915915915915915,15
0.6134969325153374,0.9669669669669669,14
0.5,0.6366366366366366,13
0.05214723926380368,0.1921921921921922,0
0.48773006134969327,0.46546546546546547,12
0.30368098159509205,0.1921921921921922,6
0.49693251533742333,0.6126126126126126,13
0.9447852760736196,0.4174174174174174,21
0.6380368098159509,0.17717717717717718,15
0.9601226993865031,0.43243243243243246,21
0.6441717791411042,0.15615615615615616,15
0.7668711656441718,0.5795795795795796,17
0.3343558282208589,0.2072072072072072,6
0.7116564417177914,0.7327327327327328,18
0.9693251533742331,0.32732732732732733,21
0.8312883435582822,0.960960960960961,19
0.7852760736196319,0.7627627627627628,18
0.7331288343558282,0.15015015015015015,15
0.9570552147239264,0.5615615615615616,22
0.9785276073619632,0.48348348348348347,22
0.06441717791411043,0.16516516516516516,0
0.5736196319018405,0.5375375375375375,12
0.40797546012269936,0.3633633633633634,11
0.07668711656441718,0.45645645645645644,1
0.8220858895705522,0.8138138138138138,18
0.5030674846625767,0.1891891891891892,10
0.6134969325153374,0.42042042042042044,12
0.9785276073619632,0.06906906906906907,20
0.35276073619631904,0.27927927927927926,6
0.7331288343558282,0.18018018018018017,15
0.7269938650306749,0.7867867867867868,18
0.07975460122699386,0.6996996996996997,3
0.13496932515337423,0.9099099099099099,4
0.10122699386503067,0.6516516516516516,2
0.4570552147239264,0.05405405405405406,10
0.6319018404907976,0.0960960960960961,10
0.46319018404907975,0.3483483483483483,11
0.7791411042944786,0.5105105105105106,17
0.5736196319018405,0.15315315315315314,10
0.5030674846625767,0.17717717717717718,10
0.6595092024539877,0.3933933933933934,16
0.6779141104294478,0.07207207207207207,15
0.9325153374233128,0.6936936936936937,23
0.9447852760736196,0.7717717717717718,23
0.4171779141104294,0.3123123123123123,11
0.37423312883435583,0.09309309309309309,5
0.598159509202454,0.984984984984985,14
0.6993865030674846,0.2672672672672673,16
0.7699386503067485,0.9669669669669669,19
0.06748466257668712,0.7657657657657657,3
0.6748466257668712,0.8018018018018018,18
0.4294478527607362,0.37237237237237236,11
0.5705521472392638,0.6066066066066066,13
0.9969325153374233,0.9459459459459459,24
0.5644171779141104,0.6756756756756757,13
0.3282208588957055,0.05105105105105105,5
0.5705521472392638,0.6186186186186187,13
0.3803680981595092,0.3153153153153153,11
0.9478527607361963,0.27927927927927926,21
0.08588957055214724,0.5225225225225225,2
0.10736196319018405,0.43543543543543545,1
0.06134969325153374,0.23123123123123124,0
0.9938650306748467,0.8678678678678678,24
0.7423312883435583,0.08108108108108109,15
0.8067484662576687,0.954954954954955,19
0.06748466257668712,0.990990990990991,4
0.8128834355828221,0.21621621621621623,20
0.4447852760736196,0.18018018018018017,6
0.7760736196319018,0.18018018018018017,15
0.7944785276073619,0.975975975975976,19
0.46932515337423314,0.35735735735735735,11
0.8957055214723927,0.93993993993994,24
0.7208588957055214,0.7717717717717718,18
0.9386503067484663,0.21921921921921922,20
0.7484662576687117,0.06006006006006006,15
0.6134969325153374,0.09009009009009009,10
0.6042944785276073,0.4594594594594595,12
0.9570552147239264,0.06006006006006006,20
0.7791411042944786,0.5405405405405406,17
0.10736196319018405,0.8018018018018018,3
0.4386503067484663,0.987987987987988,9
0.9355828220858896,0.7177177177177178,23
0.6380368098159509,0.954954954954955,14
0.4386503067484663,0.3123123123123123,11
0.7576687116564417,0.13213213213213212,15
0.4263803680981595,0.38738738738738737,11
0.549079754601227,0.996996996996997,14
0.9723926380368099,0.6606606606606606,23
0.0736196319018405,0.5015015015015015,2
0.5613496932515337,0.6936936936936937,13
0.5460122699386503,0.993993993993994,14
0.7116564417177914,0.36036036036036034,16
0.5122699386503068,0.07507507507507508,10
0.9723926380368099,0.933933933933934,24
0.9294478527607362,0.5825825825825826,22
0.10429447852760736,0.7657657657657657,3
0.950920245398773,0.933933933933934,24
0.6380368098159509,0.8348348348348348,18
0.08588957055214724,0.5345345345345346,2
0.46932515337423314,0.1831831831831832,10
0.6871165644171779,0.6966966966966966,18
0.9294478527607362,0.37237237237237236,21
0.09202453987730061,0.4804804804804805,1
0.6165644171779141,0.16216216216216217,10
0.36503067484662577,0.972972972972973,9
0.5276073619631901,0.4624624624624625,12
0.941717791411043,0.5015015015015015,22
0.4233128834355828,0.15015015015015015,6
0.046012269938650305,0.918918918918919,4
0.06134969325153374,0.2012012012012012,0
0.34662576687116564,0.5795795795795796,7
0.09202453987730061,0.39039039039039036,1
0.08282208588957055,0.1021021021021021,0
0.29754601226993865,0.9819819819819819,9
0.9355828220858896,0.984984984984985,24
0.37116564417177916,0.15915915915915915,6
0.3343558282208589,0.17117117117117117,6
0.8558282208588958,0.9459459459459459,19
0.48773006134969327,0.978978978978979,9
0.3312883435582822,0.23723723723723725,6
0.3558282208588957,0.08708708708708708,5
0.7607361963190185,0.06606606606606606,15
0.5552147239263804,0.6786786786786787,13
0.2085889570552147,0.06906906906906907,5
0.2883435582822086,0.972972972972973,9
0.5,0.6396396396396397,13
0.9723926380368099,0.35735735735735735,21
0.5766871165644172,0.975975975975976,14
0.35276073619631904,0.5075075075075075,7
0.4570552147239264,0.3633633633633634,11
0.7975460122699386,0.7657657657657657,18
0.5061349693251533,0.6336336336336337,13
0.07668711656441718,0.5255255255255256,2
0.05214723926380368,0.3183183183183183,0
0.5521472392638037,0.47147147147147145,12
0.6441717791411042,0.36936936936936937,16
0.6441717791411042,0.990990990990991,14
0.6993865030674846,0.5795795795795796,17
0.7668711656441718,0.07507507507507508,15
0.9631901840490797,0.06906906906906907,20
0.6625766871165644,0.3183183183183183,16
0.696319018404908,0.96996996996997,14
0.0736196319018405,0.5795795795795796,2
0.6625766871165644,0.3333333333333333,16
0.9754601226993865,0.8168168168168168,24
0.9754601226993865,0.2912912912912913,21
0.9355828220858896,0.6696696696696697,23
0.08282208588957055,0.1831831831831832,0
0.1687116564417178,0.990990990990991,4
0.7914110429447853,0.25225225225225223,20
0.23006134969325154,0.993993993993994,9
0.30368098159509205,0.9579579579579579,9
0.9723926380368099,0.44144144144144143,22
0.7085889570552147,0.5915915915915916,17
0.9478527607361963,0.6966966966966966,23
0.598159509202454,0.6636636636636637,13
0.5245398773006135,0.4624624624624625,12
0.10122699386503067,0.3003003003003003,0
0.9601226993865031,0.6336336336336337,23
0.9325153374233128,0.5645645645645646,22
0.4233128834355828,0.18618618618618618,6
0.06134969325153374,0.44744744744744747,1
0.6748466257668712,0.05405405405405406,15
0.950920245398773,0.4924924924924925,22
0.9785276073619632,0.8948948948948949,24
0.10122699386503067,0.8378378378378378,3
0.7085889570552147,0.5165165165165165,17
0.5766871165644172,0.6846846846846847,13
0.9693251533742331,0.5075075075075075,22
0.7392638036809815,0.15315315315315314,15
0.7576687116564417,0.05405405405405406,15
0.34355828220858897,0.06606606606606606,5
0.19631901840490798,0.972972972972973,4
0.6901840490797546,0.30930930930930933,16
0.39570552147239263,0.96996996996997,9
0.6993865030674846,0.2702702702702703,16
0.401840490797546,0.993993993993994,9
0.08282208588957055,0.7117117117117117,3
0.6625766871165644,0.4174174174174174,16
0.37116564417177916,0.960960960960961,9
0.5950920245398773,0.4294294294294294,12
0.9539877300613497,0.5225225225225225,22
0.6503067484662577,0.1921921921921922,15
0.5705521472392638,0.6156156156156156,13
0.03067484662576687,0.9219219219219219,4
0.3159509202453988,0.06306306306306306,5
0.08588957055214724,0.8258258258258259,3
0.5030674846625767,0.48348348348348347,12
0.3098159509202454,0.4984984984984985,7
0.5276073619631901,0.07207207207207207,10
0.5521472392638037,0.4954954954954955,12
0.27300613496932513,0.960960960960961,9
0.549079754601227,0.6786786786786787,13
0.6993865030674846,0.32732732732732733,16
0.6871165644171779,0.4924924924924925,17
0.11042944785276074,0.9129129129129129,4
0.9386503067484663,0.34234234234234234,21
0.4754601226993865,0.3813813813813814,11
0.9325153374233128,0.24324324324324326,20
0.06134969325153374,0.963963963963964,4
0.3773006134969325,0.5675675675675675,7
0.49079754601226994,0.6336336336336337,13
0.5858895705521472,0.48348348348348347,12
0.147239263803681,0.9159159159159159,4
0.7699386503067485,0.5225225225225225,17
0.950920245398773,0.8438438438438438,24
0.2361963190184049,0.9669669669669669,9
0.42024539877300615,0.5135135135135135,7
0.38650306748466257,0.975975975975976,9
0.5644171779141104,0.6996996996996997,13
0.6748466257668712,0.16816816816816818,15
0.6840490797546013,0.5645645645645646,17
0.9539877300613497,0.5645645645645646,22
0.16257668711656442,0.9669669669669669,4
0.9478527607361963,0.9369369369369369,24
0.07975460122699386,0.8918918918918919,4
0.9662576687116564,0.7807807807807807,23
0.50920245398773,0.5075075075075075,12
0.9570552147239264,0.30930930930930933,21
0.009202453987730062,0.9219219219219219,4
0.12576687116564417,0.972972972972973,4
0.5705521472392638,0.15315315315315314,10
0.13803680981595093,0.9519519519519519,4
0.3588957055214724,0.5855855855855856,7
0.6226993865030674,0.993993993993994,14
0.5705521472392638,0.4594594594594595,12
0.5920245398773006,0.993993993993994,14
0.4815950920245399,0.42042042042042044,11
0.0950920245398773,0.978978978978979,4
0.8067484662576687,0.22522522522522523,20
0.08282208588957055,0.26426426426426425,0
0.7668711656441718,0.5855855855855856,17
0.8619631901840491,0.975975975975976,19
0.06134969325153374,0.8498498498498499,3
0.07975460122699386,0.06906906906906907,0
0.5644171779141104,0.5015015015015015,12
0.05828220858895705,0.7057057057057057,3
0.6441717791411042,0.3663663663663664,16
0.9723926380368099,0.06306306306306306,20
0.5950920245398773,0.5165165165165165,12
0.9662576687116564,0.4864864864864865,22
0.10736196319018405,0.7897897897897898,3
0.5613496932515337,0.6756756756756757,13
0.39263803680981596,0.34234234234234234,11
0.7392638036809815,0.5135135135135135,17
0.3496932515337423,0.25825825825825827,6
0.41411042944785276,0.2702702702702703,6
0.5,0.6666666666666666,13
0.10736196319018405,0.7507507507507507,3
0.9601226993865031,0.8948948948948949,24
0.9631901840490797,0.5195195195195195,22
0.401840490797546,0.987987987987988,9
0.754601226993865,0.14714714714714713,15
0.6687116564417178,0.4174174174174174,16
0.34662576687116564,0.27627627627627627,6
0.4662576687116564,0.987987987987988,9
0.4110429447852761,0.960960960960961,9
0.09815950920245399,0.9819819819819819,4
0.37423312883435583,0.06606606606606606,5
0.6901840490797546,0.5225225225225225,17
0.9662576687116564,0.3843843843843844,21
0.5,0.4894894894894895,12
0.647239263803681,0.15315315315315314,15
0.12883435582822086,0.9519519519519519,4
0.4263803680981595,0.3993993993993994,11
0.9478527607361963,0.7387387387387387,23
0.4815950920245399,0.16216216216216217,10
0.4233128834355828,0.978978978978979,9
0.9631901840490797,0.3963963963963964,21
0.05521472392638037,0.15015015015015015,0
0.09815950920245399,0.13813813813813813,0
0.9662576687116564,0.6486486486486487,23
0.6257668711656442,0.14114114114114115,10
0.7300613496932515,0.25225225225225223,15
0.5705521472392638,0.05105105105105105,10
0.10736196319018405,0.21921921921921922,0
0.10429447852760736,0.4114114114114114,1
0.10429447852760736,0.17117117117117117,0
0.0736196319018405,0.6606606606606606,2
0.6625766871165644,0.3783783783783784,16
0.5920245398773006,0.16816816816816818,10
0.50920245398773,0.6546546546546547,13
0.9693251533742331,0.42342342342342343,21
0.09202453987730061,0.8078078078078078,3
0.7177914110429447,0.7897897897897898,18
0.44785276073619634,0.963963963963964,9
0.09815950920245399,0.9669669669669669,4
0.950920245398773,0.5885885885885885,22
0.5398773006134969,0.6786786786786787,13
0.5429447852760736,0.15015015015015015,10
0.36809815950920244,0.24924924924924924,6
0.07975460122699386,0.5795795795795796,2
0.656441717791411,0.32432432432432434,16
0.5,0.6276276276276276,13
0.9662576687116564,0.6276276276276276,23
0.05214723926380368,0.4864864864864865,1
0.5674846625766872,0.5015015015015015,12
0.10122699386503067,0.7447447447447447,3
0.7576687116564417,0.954954954954955,19
0.6595092024539877,0.8108108108108109,18
0.549079754601227,0.15315315315315314,10
0.37423312883435583,0.6006006006006006,7
0.37116564417177916,0.4954954954954955,7
0.7975460122699386,0.2012012012012012,15
0.15950920245398773,0.990990990990991,4
0.22699386503067484,0.9819819819819819,9
0.5429447852760736,0.6126126126126126,13
0.9785276073619632,0.6786786786786787,23
0.5030674846625767,0.6336336336336337,13
0.4110429447852761,0.5585585585585585,7
0.9601226993865031,0.5225225225225225,22
0.9693251533742331,0.6336336336336337,23
0.3128834355828221,0.8018018018018018,8
0.3803680981595092,0.5675675675675675,7
0.10736196319018405,0.44744744744744747,1
0.9662576687116564,0.1891891891891892,20
0.4723926380368098,0.3933933933933934,11
0.5153374233128835,0.5225225225225225,12
0.0736196319018405,0.21921921921921922,0
0.32515337423312884,0.08708708708708708,5
0.40797546012269936,0.6726726726726727,8
0.31901840490797545,0.8348348348348348,8
0.09815950920245399,0.43543543543543545,1
0.6104294478527608,0.43243243243243246,12
0.4815950920245399,0.14114114114114115,10
0.8466257668711656,0.9579579579579579,19
0.7730061349693251,0.9669669669669669,19
0.3128834355828221,0.5045045045045045,7
0.5429447852760736,0.06306306306306306,10
0.3895705521472393,0.5975975975975976,7
0.37423312883435583,0.17117117117117117,6
0.3895705521472393,0.3123123123123123,11
0.9386503067484663,0.9279279279279279,24
0.950920245398773,0.8858858858858859,24
0.7515337423312883,0.24324324324324326,15
0.9693251533742331,0.39039039039039036,21
0.6717791411042945,0.34534534534534533,16
0.9785276073619632,0.924924924924925,24
0.754601226993865,0.24924924924924924,15
0.5552147239263804,0.07507507507507508,10
0.6042944785276073,0.07807807807807808,10
0.8343558282208589,0.96996996996997,19
0.9631901840490797,0.23423423423423423,20
0.31901840490797545,0.16516516516516516,6
0.36809815950920244,0.5735735735735735,7
0.22085889570552147,0.975975975975976,4
0.08895705521472393,0.33633633633633636,1
0.9754601226993865,0.5885885885885885,22
0.6809815950920245,0.993993993993994,14
0.5398773006134969,0.6936936936936937,13
0.8773006134969326,0.963963963963964,19
0.6656441717791411,0.18618618618618618,15
0.06441717791411043,0.5555555555555556,2
0.7085889570552147,0.2852852852852853,16
0.5153374233128835,0.4954954954954955,12
0.39570552147239263,0.3183183183183183,11
0.4049079754601227,0.5465465465465466,7
0.6656441717791411,0.3213213213213213,16
0.9478527607361963,0.6546546546546547,23
0.07975460122699386,0.9669669669669669,4
0.5858895705521472,0.9819819819819819,14
0.7147239263803681,0.5795795795795796,17
0.9570552147239264,0.3933933933933934,21
0.5276073619631901,0.6756756756756757,13
0.7392638036809815,0.5915915915915916,17
0.05828220858895705,0.5435435435435435,2
0.06134969325153374,0.5495495495495496,2
0.5276073619631901,0.15915915915915915,10
0.9447852760736196,0.4894894894894895,22
0.7300613496932515,0.5825825825825826,17
0.10429447852760736,0.5435435435435435,2
0.7822085889570553,0.057057057057057055,15
0.7484662576687117,0.5975975975975976,17
0.5521472392638037,0.04504504504504504,10
0.10122699386503067,0.3933933933933934,1
0.9570552147239264,0.45345345345345345,22
0.5337423312883436,0.08108108108108109,10
0.9815950920245399,0.9519519519519519,24
0.9815950920245399,0.948948948948949,24
0.3343558282208589,0.5195195195195195,7
0.5030674846625767,0.4024024024024024,11
0.34049079754601225,0.5735735735735735,7
0.5122699386503068,0.43843843843843844,12
0.3588957055214724,0.6816816816816816,8
0.5766871165644172,0.990990990990991,14
0.7791411042944786,0.5645645645645646,17
0.3987730061349693,0.7597597597597597,8
0.6380368098159509,0.18618618618618618,15
0.12576687116564417,0.948948948948949,4
0.7944785276073619,0.19519519519519518,15
0.5797546012269938,0.6186186186186187,13
0.48773006134969327,0.6216216216216216,13
0.6687116564417178,0.1831831831831832,15
0.6779141104294478,0.3993993993993994,16
0.26993865030674846,0.972972972972973,9
0.3282208588957055,0.18618618618618618,6
0.38650306748466257,0.06906906906906907,5
0.09815950920245399,0.1111111111111111,0
0.11042944785276074,0.8828828828828829,4
0.4325153374233129,0.7957957957957958,8
0.745398773006135,0.5795795795795796,17
0.4570552147239264,0.96996996996997,9
0.3987730061349693,0.5195195195195195,7
0.46932515337423314,0.07807807807807808,10
0.4723926380368098,0.1831831831831832,10
0.3282208588957055,0.6876876876876877,8
0.6012269938650306,0.6696696696696697,13
0.6196319018404908,0.43843843843843844,12
0.9325153374233128,0.7627627627627628,23
0.7638036809815951,0.5945945945945946,17
0.5828220858895705,0.6816816816816816,13
0.43558282208588955,0.17117117117117117,6
0.9570552147239264,0.7687687687687688,23
0.5766871165644172,0.6096096096096096,13
0.0705521472392638,0.5375375375375375,2
0.9539877300613497,0.5105105105105106,22
0.07668711656441718,0.990990990990991,4
0.6809815950920245,0.07507507507507508,15
0.7208588957055214,0.05405405405405406,15
0.8220858895705522,0.9669669669669669,19
0.7699386503067485,0.15615615615615616,15
0.4447852760736196,0.4144144144144144,11
0.06748466257668712,0.3843843843843844,1
0.6257668711656442,0.15915915915915915,10
0.06134969325153374,0.2822822822822823,0
0.7269938650306749,0.5105105105105106,17
0.38650306748466257,0.2972972972972973,6
0.05828220858895705,0.0960960960960961,0
0.3312883435582822,0.4924924924924925,7
0.5828220858895705,0.0990990990990991,10
0.06134969325153374,0.38738738738738737,1
0.018404907975460124,0.9159159159159159,4
0.5368098159509203,0.14114114114114115,10
0.4539877300613497,0.32432432432432434,11
0.7361963190184049,0.06306306306306306,15
0.8098159509202454,0.0990990990990991,15
0.29754601226993865,0.07507507507507508,5
0.7638036809815951,0.4954954954954955,17
0.5122699386503068,0.6756756756756757,13
0.5766871165644172,0.48348348348348347,12
0.9570552147239264,0.25225225225225223,20
0.6411042944785276,0.13513513513513514,15
0.5306748466257669,0.5975975975975976,13
0.27607361963190186,0.09009009009009009,5
0.7484662576687117,0.09009009009009009,15
0.8803680981595092,0.9669669669669669,19
0.9662576687116564,0.7627627627627628,23
0.049079754601226995,0.12912912912912913,0
0.5736196319018405,0.972972972972973,14
0.37423312883435583,0.2552552552552553,6
0.7484662576687117,0.7207207207207207,18
0.07975460122699386,0.2222222222222222,0
0.0950920245398773,0.5555555555555556,2
0.9355828220858896,0.5165165165165165,22
0.5153374233128835,0.15315315315315314,10
0.46319018404907975,0.17417417417417416,10
0.09202453987730061,0.22522522522522523,0
0.26993865030674846,0.06006006006006006,5
0.5705521472392638,0.948948948948949,14
0.8128834355828221,0.0960960960960961,15
0.0736196319018405,0.6666666666666666,2
0.7024539877300614,0.5465465465465466,17
0.06441717791411043,0.18018018018018017,0
0.10122699386503067,0.5015015015015015,2
0.34049079754601225,0.5675675675675675,7
0.9447852760736196,0.25225225225225223,20
0.6073619631901841,0.4894894894894895,12
0.9754601226993865,0.7687687687687688,23
0.9785276073619632,0.3303303303303303,21
0.9877300613496932,0.933933933933934,24
0.0950920245398773,0.5075075075075075,2
0.3312883435582822,0.16216216216216217,6
0.2822085889570552,0.963963963963964,9
0.9723926380368099,0.8318318318318318,24
0.9355828220858896,0.8828828828828829,24
0.6748466257668712,0.34534534534534533,16
0.9601226993865031,0.2732732732732733,21
0.7515337423312883,0.3063063063063063,16
0.42024539877300615,0.5075075075075075,7
0.5766871165644172,0.5135135135135135,12
0.7576687116564417,0.06606606606606606,15
0.9631901840490797,0.2732732732732733,21
0.3128834355828221,0.5615615615615616,7
0.09815950920245399,0.2132132132132132,0
0.19631901840490798,0.08708708708708708,5
0.4294478527607362,0.7657657657657657,8
0.8404907975460123,0.978978978978979,19
0.7239263803680982,0.5165165165165165,17
0.5398773006134969,0.14114114114114115,10
0.10736196319018405,0.9129129129129129,4
0.35276073619631904,0.96996996996997,9
0.08895705521472393,0.46546546546546547,1
0.9386503067484663,0.30930930930930933,21
0.37423312883435583,0.5885885885885885,7
0.9662576687116564,0.46546546546546547,22
0.9815950920245399,0.1921921921921922,20
0.9785276073619632,0.7297297297297297,23
0.6993865030674846,0.32432432432432434,16
0.7239263803680982,0.5765765765765766,17
0.9570552147239264,0.7207207207207207,23
0.4662576687116564,0.4264264264264264,11
0.6165644171779141,0.948948948948949,14
0.8496932515337423,0.984984984984985,19
0.07668711656441718,0.7717717717717718,3
0.7944785276073619,0.978978978978979,19
0.1165644171779141,0.9129129129129129,4
0.44171779141104295,0.15915915915915915,6
0.8190184049079755,0.9669669669669669,19
0.8098159509202454,0.987987987987988,19
0.08588957055214724,0.7267267267267268,3
0.6901840490797546,0.16816816816816818,15
0.6104294478527608,0.43843843843843844,12
0.8098159509202454,0.09009009009009009,15
0.7239263803680982,0.6006006006006006,17
0.3128834355828221,0.984984984984985,9
0.07975460122699386,0.8258258258258259,3
0.745398773006135,0.4954954954954955,17
0.9539877300613497,0.6606606606606606,23
0.9539877300613497,0.34534534534534533,21
0.598159509202454,0.15915915915915915,10
0.7331288343558282,0.15915915915915915,15
0.5368098159509203,0.5315315315315315,12
0.6319018404907976,0.4594594594594595,12
0.4447852760736196,0.3063063063063063,11
0.06134969325153374,0.3123123123123123,0
0.07668711656441718,0.5735735735735735,2
0.3128834355828221,0.7867867867867868,8
0.9754601226993865,0.4894894894894895,22
0.401840490797546,0.5705705705705706,7
0.401840490797546,0.5885885885885885,7
0.06748466257668712,0.7927927927927928,3
0.9447852760736196,0.8528528528528528,24
0.5398773006134969,0.15915915915915915,10
0.401840490797546,0.5645645645645646,7
0.9386503067484663,0.5075075075075075,22
0.745398773006135,0.7717717717717718,18
0.7024539877300614,0.972972972972973,14
0.0736196319018405,0.1021021021021021,0
0.7730061349693251,0.993993993993994,19
0.7392638036809815,0.7597597597597597,18
0.40797546012269936,0.5135135135135135,7
0.3773006134969325,0.972972972972973,9
0.7177914110429447,0.1831831831831832,15
0.9355828220858896,0.8018018018018018,23
0.7208588957055214,0.5135135135135135,17
0.0736196319018405,0.057057057057057055,0
0.27607361963190186,0.16816816816816818,5
0.07668711656441718,0.06306306306306306,0
0.6441717791411042,0.93993993993994,14
0.5122699386503068,0.06906906906906907,10
0.3098159509202454,0.5735735735735735,7
0.9570552147239264,0.6936936936936937,23
0.03067484662576687,0.918918918918919,4
0.1441717791411043,0.990990990990991,4
0.4171779141104294,0.15915915915915915,6
0.7269938650306749,0.9669669669669669,14
0.05828220858895705,0.7507507507507507,3
0.6012269938650306,0.6276276276276276,13
0.06441717791411043,0.4294294294294294,1
0.2147239263803681,0.96996996996997,4
0.7852760736196319,0.990990990990991,19
0.1441717791411043,0.993993993993994,4
0.7944785276073619,0.954954954954955,19
0.5950920245398773,0.15615615615615616,10
0.08588957055214724,0.27927927927927926,0
0.598159509202454,0.17717717717717718,10
0.9877300613496932,0.9099099099099099,24
0.46319018404907975,0.40540540540540543,11
0.37116564417177916,0.18618618618618618,6
0.09815950920245399,0.4924924924924925,1
0.6441717791411042,0.16816816816816818,15
0.9355828220858896,0.6276276276276276,23
0.3987730061349693,0.8018018018018018,8
0.4539877300613497,0.7627627627627628,8
0.647239263803681,0.09309309309309309,15
0.6257668711656442,0.93993993993994,14
0.4815950920245399,0.9369369369369369,9
0.34049079754601225,0.5075075075075075,7
0.3098159509202454,0.18618618618618618,6
0.8588957055214724,0.975975975975976,19
0.8773006134969326,0.9369369369369369,19
0.07975460122699386,0.7567567567567568,3
0.3128834355828221,0.5225225225225225,7
0.6748466257668712,0.5225225225225225,17
0.6104294478527608,0.4894894894894895,12
0.3128834355828221,0.08708708708708708,5
0.696319018404908,0.5645645645645646,17
0.7269938650306749,0.2822822822822823,16
0.10429447852760736,0.33633633633633636,1
0.9846625766871165,0.6366366366366366,23
0.9355828220858896,0.33633633633633636,21
0.401840490797546,0.5555555555555556,7
0.7822085889570553,0.09009009009009009,15
0.6809815950920245,0.5765765765765766,17
0.3343558282208589,0.1891891891891892,6
0.41411042944785276,0.96996996996997,9
0.7607361963190185,0.5855855855855856,17
0.5,0.16216216216216217,10
0.7024539877300614,0.975975975975976,14
0.7392638036809815,0.5885885885885885,17
0.10429447852760736,0.4084084084084084,1
0.7852760736196319,0.5675675675675675,17
0.4815950920245399,0.14414414414414414,10
0.7975460122699386,0.9669669669669669,19
0.5766871165644172,0.6456456456456456,13
0.7914110429447853,0.5225225225225225,17
0.5122699386503068,0.08408408408408409,10
0.5644171779141104,0.5165165165165165,12
0.1656441717791411,0.9099099099099099,4
0.9785276073619632,0.7957957957957958,23
0.4723926380368098,0.3813813813813814,11
0.5214723926380368,0.14414414414414414,10
0.6840490797546013,0.9519519519519519,14
0.49079754601226994,0.18018018018018017,10
0.6226993865030674,0.0960960960960961,10
0.4386503067484663,0.15015015015015015,6
0.7085889570552147,0.9579579579579579,14
0.9325153374233128,0.5405405405405406,22
0.0736196319018405,0.7207207207207207,3
0.9723926380368099,0.6096096096096096,23
0.9294478527607362,0.7207207207207207,23
0.36809815950920244,0.5885885885885885,7
0.9815950920245399,0.8708708708708709,24
0.7147239263803681,0.08708708708708708,15
0.4263803680981595,0.18018018018018017,6
0.4601226993865031,0.17117117117117117,10
0.5736196319018405,0.4954954954954955,12
0.6748466257668712,0.0960960960960961,15
0.23006134969325154,0.9459459459459459,9
0.7239263803680982,0.7687687687687688,18
0.05828220858895705,0.9219219219219219,4
0.6993865030674846,0.5465465465465466,17
0.8067484662576687,0.14714714714714713,15
0.44785276073619634,0.30930930930930933,11
0.6717791411042945,0.33933933933933935,16
0.10122699386503067,0.4744744744744745,1
0.9355828220858896,0.35735735735735735,21
0.30368098159509205,0.7027027027027027,8
0.7392638036809815,0.7117117117117117,18
0.37116564417177916,0.4984984984984985,7
0.5705521472392638,0.7027027027027027,13
0.5460122699386503,0.960960960960961,14
0.7147239263803681,0.30930930930930933,16
0.0950920245398773,0.43843843843843844,1
0.8680981595092024,0.948948948948949,19
0.6134969325153374,0.4624624624624625,12
0.37423312883435583,0.993993993993994,9
0.4785276073619632,0.4114114114114114,11
0.4325153374233129,0.35435435435435436,11
0.7331288343558282,0.3303303303303303,16
0.3588957055214724,0.7237237237237237,8
0.3619631901840491,0.07207207207207207,5
0.9785276073619632,0.5675675675675675,22
0.09815950920245399,0.2852852852852853,0
0.4447852760736196,0.07207207207207207,10
0.9662576687116564,0.32432432432432434,21
0.8006134969325154,0.19519519519519518,15
0.950920245398773,0.06006006006006006,20
0.10429447852760736,0.24324324324324326,0
0.36809815950920244,0.7117117117117117,8
0.9723926380368099,0.25225225225225223,20
0.09202453987730061,0.9129129129129129,4
0.07975460122699386,0.5105105105105106,2
0.3773006134969325,0.5945945945945946,7
0.656441717791411,0.15915915915915915,15
0.7177914110429447,0.06306306306306306,15
0.15950920245398773,0.9219219219219219,4
0.39570552147239263,0.16816816816816818,6
0.10736196319018405,0.6246246246246246,2
0.7269938650306749,0.8618618618618619,18
0.11042944785276074,0.5105105105105106,2
0.7423312883435583,0.0960960960960961,15
0.40797546012269936,0.24924924924924924,6
0.6656441717791411,0.32732732732732733,16
0.31901840490797545,0.06306306306306306,5
0.30368098159509205,0.948948948948949,9
0.07975460122699386,0.6636636636636637,2
0.0950920245398773,0.954954954954955,4
0.9723926380368099,0.33633633633633636,21
0.06441717791411043,0.7207207207207207,3
0.696319018404908,0.6996996996996997,18
0.5153374233128835,0.6816816816816816,13
0.6840490797546013,0.978978978978979,14
0.7208588957055214,0.0990990990990991,15
0.2147239263803681,0.993993993993994,4
0.5061349693251533,0.15015015015015015,10
0.7269938650306749,0.24024024024024024,15
0.3098159509202454,0.7057057057057057,8
0.0736196319018405,0.5285285285285285,2
0.35276073619631904,0.2822822822822823,6
0.7730061349693251,0.8018018018018018,18
0.8312883435582822,0.987987987987988,19
0.3987730061349693,0.3033033033033033,11
0.8895705521472392,0.990990990990991,19
0.6779141104294478,0.08708708708708708,15
0.42024539877300615,0.5465465465465466,7
0.5920245398773006,0.6066066066066066,13
0.3098159509202454,0.5645645645645646,7
0.7576687116564417,0.0960960960960961,15
0.5214723926380368,0.45045045045045046,12
0.6380368098159509,0.96996996996997,14
0.5214723926380368,0.6306306306306306,13
0.6319018404907976,0.42042042042042044,12
0.9846625766871165,0.7567567567567568,23
0.5736196319018405,0.6276276276276276,13
0.8128834355828221,0.2072072072072072,20
0.4754601226993865,0.3783783783783784,11
0.6012269938650306,0.4924924924924925,12
0.5398773006134969,0.5165165165165165,12
0.3834355828220859,0.5585585585585585,7
0.3773006134969325,0.5705705705705706,7
0.9601226993865031,0.5345345345345346,22
0.6840490797546013,0.3063063063063063,16
0.49079754601226994,0.4144144144144144,11
0.10429447852760736,0.7747747747747747,3
0.06441717791411043,0.37537537537537535,1
0.9478527607361963,0.06906906906906907,20
0.7361963190184049,0.7147147147147147,18
0.29754601226993865,0.16816816816816818,5
0.9631901840490797,0.5885885885885885,22
0.2883435582822086,0.16516516516516516,5
0.049079754601226995,0.954954954954955,4
0.07668711656441718,0.24624624624624625,0
0.558282208588957,0.6096096096096096,13
0.4325153374233129,0.960960960960961,9
0.6595092024539877,0.7507507507507507,18
0.8006134969325154,0.2132132132132132,15
0.5306748466257669,0.6846846846846847,13
0.5153374233128835,0.4174174174174174,12
0.5368098159509203,0.15615615615615616,10
0.43558282208588955,0.3183183183183183,11
0.24539877300613497,0.990990990990991,9
0.7791411042944786,0.14114114114114115,15
0.3343558282208589,0.5255255255255256,7
0.08282208588957055,0.7507507507507507,3
0.9355828220858896,0.5555555555555556,22
0.17791411042944785,0.05105105105105105,5
0.7668711656441718,0.5585585585585585,17
0.09202453987730061,0.7717717717717718,3
0.3067484662576687,0.5135135135135135,7
0.5920245398773006,0.6606606606606606,13
0.37423312883435583,0.5705705705705706,7
0.48773006134969327,0.6096096096096096,13
0.7576687116564417,0.6846846846846847,18
0.50920245398773,0.4594594594594595,12
0.7331288343558282,0.5765765765765766,17
0.7085889570552147,0.3333333333333333,16
0.36503067484662577,0.18018018018018017,6
0.10736196319018405,0.5375375375375375,2
0.5337423312883436,0.9429429429429429,14
0.7791411042944786,0.15015015015015015,15
0.7423312883435583,0.16816816816816818,15
0.6779141104294478,0.5165165165165165,17
0.7147239263803681,0.4984984984984985,17
0.2392638036809816,0.07507507507507508,5
0.4570552147239264,0.09309309309309309,10
0.22699386503067484,0.06606606606606606,5
0.04294478527607362,0.14414414414414414,0
0.6319018404907976,0.04804804804804805,10
0.37423312883435583,0.6906906906906907,8
0.08895705521472393,0.8618618618618619,4
0.9601226993865031,0.3813813813813814,21
0.5950920245398773,0.09009009009009009,10
0.5920245398773006,0.96996996996997,14
0.9662576687116564,0.24024024024024024,20
0.6656441717791411,0.1831831831831832,15
0.7269938650306749,0.8168168168168168,18
0.6226993865030674,0.07507507507507508,10
0.15644171779141106,0.08708708708708708,0
0.10122699386503067,0.4894894894894895,1
0.6809815950920245,0.4954954954954955,17
0.6809815950920245,0.14714714714714713,15
0.49693251533742333,0.3993993993993994,11
0.4294478527607362,0.3933933933933934,11
0.3282208588957055,0.963963963963964,9
0.18098159509202455,0.05405405405405406,5
0.6380368098159509,0.4444444444444444,12
0.19325153374233128,0.06006006006006006,5
0.3619631901840491,0.17117117117117117,6
0.7699386503067485,0.7417417417417418,18
0.7147239263803681,0.05405405405405406,15
0.5460122699386503,0.6156156156156156,13
0.588957055214724,0.9819819819819819,14
0.6932515337423313,0.2882882882882883,16
0.10429447852760736,0.963963963963964,4
0.4110429447852761,0.7027027027027027,8
0.6012269938650306,0.1921921921921922,10
0.941717791411043,0.8348348348348348,24
0.5276073619631901,0.43543543543543545,12
0.4386503067484663,0.16216216216216217,6
0.3282208588957055,0.16516516516516516,6
0.558282208588957,0.954954954954955,14
0.7024539877300614,0.6966966966966966,18
0.6533742331288344,0.05405405405405406,15
0.5337423312883436,0.5015015015015015,12
0.6196319018404908,0.08708708708708708,10
0.09202453987730061,0.14414414414414414,0
0.9539877300613497,0.5465465465465466,22
0.7638036809815951,0.15315315315315314,15
