0.5530381135439094,0.44184051968855487
0.520299677836383,0.5210702644777973
0.5403223798518172,0.4748791143610175
0.5172576747717222,0.5273040207445032
0.5172188710963245,0.5273821501210566
0.5291543812388041,0.501707216834095
0.5239266677624913,0.5133564912873504
0.5521992759514699,0.44407697303822274
0.521983096429451,0.517528007743119
0.5263923077323183,0.5079392438442769
0.5180502873516967,0.5257004941686438
0.5204027382196446,0.5208552996972469
0.5481043244620447,0.4548980846142103
0.516707933055412,0.5284076491771189
0.5381345399534159,0.48032457436808423
0.5207987915622563,0.5200269049713084
0.5252981855056167,0.5103603085860897
0.5426998728522475,0.4688697722814971
0.5181439649202338,0.5255100127561557
0.5167697731578363,0.5282838516821111
0.5284821654174909,0.503239603853948
0.5442614756982563,0.4648745073266867
0.5162723456268057,0.5292771474773201
0.5166202392549336,0.528583051562119
0.5293868610435155,0.5011749349054139
