0.5545243843678939,0.43554003255332957
0.519923632332144,0.5227343038059289
0.5407774221782865,0.4727692118108398
0.5168025473667548,0.5293113840302118
0.5167627747323108,0.5293936056546285
0.5290614011789485,0.5020704870942122
0.523655205363391,0.5145468927130779
0.5536013710230939,0.4380984654435814
0.5216539806391582,0.5189815079066179
0.5262003159856514,0.5087624026495658
0.517615151753254,0.5276227406769423
0.5200294938424979,0.5225068899345555
0.5491297027018719,0.4504016977053478
0.5162391583174868,0.5304723511808512
0.5384599545818309,0.47878386328706884
0.5204363957188807,0.5216301289478225
0.5250699801078004,0.5113512455928007
0.5433102877713424,0.4660912065938161
0.5177112182845465,0.5274220041434855
0.5163025251649401,0.530342171640935
0.5283640175048729,0.5037197633258104
0.5449826840912205,0.46162788032122765
0.5157928746699999,0.5313863229443958
0.5161493030385474,0.5306567745461972
0.5293027553072099,0.501497013037491
