0.5465161271418696,0.47133206134703803
0.5220791152763029,0.5126845894878895
0.5379516620678022,0.4865453988756437
0.5194799516175764,0.516711056322969
0.5194465902296024,0.5167622846260598
0.5294071379440676,0.5009506962284831
0.5251289648915768,0.5078700986755086
0.5459906818295542,0.4722871690145115
0.5235019980943599,0.5104505835651798
0.5271657554806225,0.5046001421877387
0.5201603284382333,0.5156638036128861
0.5221665653538108,0.5125478982902145
0.5433459362774596,0.4770519410119653
0.5190068734359885,0.5174364284183646
0.5363493127585218,0.4893062541782649
0.5225022273449148,0.5120224918106011
0.5262658944095018,0.5060502484189681
0.539650710635817,0.48358818207990445
0.520240602641799,0.5155399292625167
0.5190601362069885,0.5173548749797698
0.528865806817309,0.5018370106015533
0.540742389126361,0.4816720362959274
0.5186313787286984,0.5180105452503203
0.5189313230983004,0.5175520577476764
0.5295937066747931,0.5006445036685906
