0.5478369288327841,0.46489533900396796
0.5217019213746279,0.5146029873777076
0.5384804781587911,0.4837306002694045
0.5189997305269403,0.519212164142169
0.5189651008413105,0.5192705856896592
0.529377809326828,0.5009603002482366
0.5248849549566849,0.5090447543249739
0.5472548601813179,0.4660980079574176
0.5231851268078946,0.5120304277340297
0.5270194783841602,0.505238815843842
0.519706256582107,0.5180166658255023
0.5217929934434069,0.5144459002464878
0.5443418998196234,0.47205706070629283
0.5185087847444894,0.5200388865806785
0.5367579692415564,0.48707677805292565
0.5221426592416096,0.5138417127431961
0.5260754942913782,0.5069297754314116
0.5403158495254133,0.48012236508553946
0.5197896524496505,0.5178751045110406
0.5185640467137352,0.5199459921832722
0.528807268281279,0.5020024549243095
0.5415002156455119,0.4777709163360438
0.5181192835183308,0.5206924578914833
0.5184304039928347,0.5201705722505519
0.5295745936783881,0.500599806988948
