0.548635872425747,0.46118062594874004
0.521477795962379,0.5156871250140237
0.5387887045902412,0.48217710947896886
0.5187165585013855,0.5206037996537978
0.5186812022646227,0.5206659918427705
0.5293546434494889,0.501009545489156
0.5247373855024177,0.5097306062210755
0.5480179761127711,0.462534317453983
0.5229956316193444,0.5129340650711474
0.526928363426995,0.5056336865546711
0.5194380648317265,0.5193304547230686
0.5215709457216353,0.5155192019450646
0.5449368087436807,0.4692154711060885
0.5182153770747372,0.5214835921758662
0.5369938161094548,0.48586191060310996
0.5219286463348025,0.5148731136352014
0.5259588579814081,0.507455807782099
0.5407068773036331,0.4781885399860353
0.5195232491622249,0.5191795881496706
0.518271784327357,0.5213847654057447
0.5287670872545054,0.5021377289758356
0.541947950808293,0.4755806803899989
0.5178178515820919,0.5221786824676227
0.5181353748436386,0.5216236741736247
0.5295573856760102,0.5006190143508256
