0.5444614274388411,0.4831416835427716
0.5226791083546075,0.5090318684241004
0.5370929754236774,0.49213009156158627
0.5202473380817496,0.5118004612610915
0.5202160277357206,0.51183596078291
0.5294389703340214,0.5012129547178725
0.525511286146468,0.5057783412965507
0.5440189687232239,0.4836884170298463
0.524003492647803,0.5075143960827927
0.5273882536905082,0.5036044818217098
0.5208853669613124,0.51107625507333
0.522760651515059,0.508938634999379
0.5417723969954729,0.4864505026419887
0.519803127659387,0.5123037575306778
0.5356790904693742,0.49382698021464794
0.5230734653557607,0.5085807346662226
0.5265605177399966,0.5045649023268584
0.5385805029259209,0.4903352761682592
0.5209605784498361,0.5109907826353597
0.5198531633941954,0.5122471036898391
0.5289451740429577,0.5017904008597778
0.539529752004377,0.4891847721259596
0.5194502196919097,0.5127030755871002
0.5197321447546154,0.5123841129548571
0.5296089308021105,0.5010139684909121
