0.5505663438058829,0.4525282370146616
0.5209492730258033,0.5181485237859959
0.5394956981669399,0.4787527106166456
0.5180558561886859,0.5237088248783595
0.5180188753819647,0.5237788500524659
0.5292815217966544,0.5012362971553866
0.5243810854665646,0.5113442752966447
0.5498566112913733,0.45425691463252676
0.5225448614427908,0.5150132285355284
0.5266999907045334,0.5066181984097232
0.5188108650885972,0.5222734423734509
0.5210470817132622,0.5179577460241185
0.5463493441776859,0.46271221233427934
0.5175317897126899,0.5246987304888371
0.5375270941718361,0.48322662847852477
0.5214228059281452,0.5172231715347103
0.5256725421618271,0.5087249269195835
0.5416148337410052,0.4738673726133348
0.5189000502471594,0.5221031658383541
0.5175907574430718,0.5245876090444077
0.5286549494245338,0.5025541349924949
0.5429948832064121,0.47064894588002276
0.5171163252893399,0.5254797678003945
0.5174481624388592,0.5248562075378522
0.529497948361425,0.5007793855530004
