0.551725928644145,0.44747430359302176
0.5206407402830593,0.5195460630899764
0.5398944735093174,0.4768734498080033
0.5176748452093336,0.5254401703797925
0.5176369748100234,0.5255142247608986
0.5292263574785715,0.5014346584816832
0.524167542132949,0.5122940650661049
0.5509572855778149,0.4494370001340736
0.5222791136116405,0.516210002344433
0.526557613763857,0.5072299370212962
0.5184482040208493,0.5239212573759089
0.5207411087524353,0.5193433335654024
0.5471802965924879,0.45898738022236196
0.5171382484302816,0.5264866432516049
0.5378225079464971,0.4818075147667612
0.5211267401153907,0.5185624224512747
0.5254978582761382,0.509490180455882
0.5421347390079905,0.4714584846634745
0.5185395811712626,0.5237409519841777
0.5171986179924205,0.5263692136726313
0.5285777750582862,0.5028565804436919
0.5435994984736426,0.46787559074637025
0.5167129631278564,0.5273117227650228
0.5170526365236947,0.5266530419431371
0.5294505188815096,0.5009412200741946
