0.5442126566876583,0.4849657965751466
0.5227518365772386,0.5084524284709773
0.5369896867740942,0.49304216111427934
0.5203386704814689,0.511002386852238
0.520307583215002,0.5110351263166946
0.5294447262033093,0.5012887568084866
0.5255588870824378,0.5054646044758029
0.5437801738782828,0.4854545901298245
0.5240649603983707,0.507057680011274
0.5274169329903983,0.503473746308974
0.520972065127271,0.510334724085623
0.5228327103046844,0.5083666754147906
0.5415817407619061,0.4879288713593126
0.5198975877044142,0.511466653051209
0.5355989573412353,0.4945764240575865
0.5231429274140655,0.5080375627334438
0.5265977757735378,0.504352766239536
0.5384512653737815,0.491422624574327
0.5210467190787937,0.5102559549702576
0.5199472751229718,0.5114143818449343
0.5289566731377807,0.5018158264856123
0.5393830804260671,0.49038625761917737
0.5195471081596131,0.5118351580155762
0.5198270972185771,0.5115407970190102
0.529612676304573,0.5011072055505728
