0.5432385278289332,0.49151174385152935
0.523032374024355,0.5063466857621525
0.5365911033519546,0.4964120277284347
0.5206803060625573,0.5080631471130747
0.5206499135639997,0.5080853149294573
0.529477173771437,0.5016336132267412
0.5257498968461631,0.5043612081541545
0.5428451632582626,0.4918023411320733
0.5243061484513578,0.505416360053922
0.5275372720376853,0.5030538746525322
0.5212990402236085,0.5076117886223898
0.5231109506597879,0.5062893117549553
0.5408363212641529,0.49328511844824036
0.5202488658761654,0.5083778058471249
0.5352925538214058,0.49736680291159424
0.5234122035898182,0.5060693277529751
0.5267504166370073,0.5036295469027992
0.5379494167815108,0.49541247474922334
0.5213719024998942,0.5075586285326285
0.5202974901424353,0.508342346008178
0.5290113190840087,0.5019748129118162
0.538811941411852,0.4947773075082031
0.5199057200838078,0.5086280283250608
0.5201798736502928,0.5084281180115435
0.529637330142692,0.5015162922712683
