0.5495413805206668,0.45707609551708805
0.5212275766851979,0.5168657710948642
0.5391270256718909,0.48051934483462855
0.5184025051535314,0.522099819796515
0.5183663640039908,0.5221658847219904
0.5293233325532187,0.501098394232074
0.5245701822003851,0.510493698633712
0.5488813558755373,0.4586036232014629
0.5227829191272001,0.5139250024150209
0.5268226552421272,0.5060900872337952
0.5191401969992733,0.5207464171208749
0.521322974937584,0.5166866085602057
0.5456038402534396,0.4661104082588599
0.5178902664131787,0.5230340767193284
0.5372504269108583,0.484578552348584
0.5216893728795051,0.5159970238247148
0.5258253165216052,0.5080507687212468
0.5411393246285985,0.47610710974064224
0.5192273139837654,0.5205859678137931
0.5179479108402516,0.5229291662725105
0.5287171048558311,0.5023183883456295
0.5424452511995899,0.47321183476997825
0.5174840730123486,0.5237717127828013
0.5178085126185296,0.5231827672293916
0.5295326194108015,0.5006757566146914
