0.5603164077319499,0.41152865053631377
0.5185590684537853,0.5287177210992124
0.5422602050632048,0.46579132909377896
0.5151925179321954,0.5363164404608275
0.5151497391029632,0.5364106568594416
0.5285999593695968,0.5039220844149521
0.5226181719362628,0.5190722428372034
0.5590154646909582,0.4154578731334058
0.5204357614732502,0.5243236342671574
0.5254164979488927,0.5121199683357436
0.516067134097725,0.5343773318145469
0.5186736435970543,0.5284526974619083
0.5529046766594615,0.43396440416408394
0.514586777742674,0.5376450784805901
0.5394583836994672,0.473937376893976
0.519114315032639,0.5274294469382429
0.5241702181013922,0.515246256173518
0.545392402238532,0.4565429432555117
0.5161706102843616,0.5341462924356625
0.5146548837492798,0.5374962784824989
0.5278198454048303,0.5059585936522372
0.5475041051664116,0.45024084607149056
0.5141072801813883,0.5386885150674573
0.5144902123701168,0.537855803784831
0.5288706169569396,0.5032114378374553
