0.5581284096026133,0.4205130078084926
0.5190560878422167,0.5265414812582174
0.5417531782033409,0.46821612246250727
0.5157715168070389,0.5338047663039446
0.5157297422942779,0.533895077770477
0.5287910154953026,0.5031521415505676
0.5230053542732654,0.5173838064834063
0.5569798182637329,0.4239040026941967
0.520883812631592,0.5223606883632
0.52571797622181,0.5108291514166238
0.5166254217911052,0.5319473773413802
0.5191677507389507,0.5262889100699447
0.5515204548905108,0.4399908272177166
0.5151799288096424,0.5350788907582189
0.5391299890325667,0.4755726195820526
0.5195971323769083,0.5253142297785002
0.5245110425229358,0.5137717237495694
0.5446607107661109,0.459932170783742
0.5167264237765643,0.5317262480544068
0.5152464507613822,0.5349361369951243
0.5280393878881451,0.505053897443694
0.5466054471314143,0.4543272122929935
0.5147115363351087,0.5360803423922579
0.5150856064683584,0.5352810788684084
0.5290515578648799,0.5024893601492709
