0.5562106436420663,0.4284707036947255
0.5195100080753482,0.5245527323141688
0.541256168669074,0.47054608801430525
0.5163077099238973,0.5314741039899176
0.5162669427721145,0.5315604003333493
0.5289423345657038,0.5025442600040718
0.5233494806459813,0.5158827391198797
0.5551859394566864,0.4314097651931186
0.5212886739059152,0.5205864794876299
0.5259772491071952,0.5097183792421256
0.5171408335417181,0.5297005516712155
0.5196187499703213,0.5243127451263472
0.5502653023400605,0.44545037801364346
0.5157303128843235,0.5326921009271539
0.5387940207938184,0.4771950520906335
0.5200368111817486,0.5233870771823297
0.5248091635668737,0.5124813623784439
0.5439648583760481,0.46311410751429044
0.517239352226159,0.5294895649306577
0.515795246922804,0.5325555804820974
0.5282184010194453,0.5043167548066358
0.5457641321038375,0.4581178312285256
0.5152730485552655,0.5336502123693609
0.515638238807268,0.532885484230885
0.5291930693326272,0.5019272595677206
