0.5438030766062731,0.4882660954584582
0.5228703447894048,0.507394406273782
0.536824954988989,0.4947243036080925
0.5204834615689864,0.5095320744670448
0.5204526785988156,0.509559591363175
0.5294597430729393,0.5014497940124368
0.525639775008282,0.5049038913123175
0.5433874165303875,0.48865326793804015
0.5241668541539922,0.5062298654815361
0.5274684144395017,0.5032531813588043
0.5211104706497967,0.5089713053546113
0.5229502437522927,0.5073227100902373
0.5412701502757004,0.49062046316954117
0.5200466176906281,0.509922446981299
0.5354728993878947,0.49596568761584875
0.523256663417301,0.5070476638832971
0.5266626813473029,0.5039811376654176
0.538243031973448,0.49341891354816786
0.5211843484402542,0.5089051963320491
0.5200958360162568,0.5098784776119145
0.5289808962426867,0.5018840097749577
0.5391455513346378,0.49258627888738415
0.5196993869550036,0.5102325525248258
0.5199767890573372,0.5099848229415085
0.5296244608749048,0.501300345663679
