0.5447557802750674,0.48116676320687535
0.5225927227542401,0.5096546847309368
0.537216684584814,0.49115752254084805
0.5201376385963044,0.5126523278570395
0.5201060454355833,0.5126907109871898
0.5294338165539105,0.5011418712401561
0.5254557465860905,0.5061211210580835
0.5443016172300871,0.48177773899958226
0.5239310047122894,0.5080080965862231
0.5273556136493112,0.5037533211217023
0.520781523428162,0.5118690036371795
0.5226750960596845,0.5095535925604937
0.5419985922369898,0.4848578193214428
0.5196894548231815,0.5131963829898434
0.5357755806568528,0.49303107726424883
0.5229911250859131,0.5091654348196349
0.5265175235099078,0.5048001152162729
0.5387346737945337,0.4891715808550991
0.5208574370597947,0.511776517147421
0.5197399339481694,0.5131351543577098
0.5289331553572072,0.5017730597591965
0.5397043737529115,0.4878962269315558
0.5193334491286964,0.5136278511039607
0.519617844701391,0.5132832213599376
0.5296061770588479,0.5009242699766698
