0.562822691663569,0.4013611735355728
0.5180161166822016,0.5310994387798025
0.5427650908314673,0.4632914648820372
0.5145695804328887,0.5390221171982477
0.5145258201288706,0.5391200677272917
0.5283600744627072,0.5048868061729588
0.5221827135570786,0.5209723948420641
0.5613324553331189,0.40593184893247525
0.519940624331202,0.5264962303455127
0.5250657981573125,0.5136194175533728
0.5154644227105353,0.5370046624226832
0.5181335326611699,0.5308222708528187
0.5544271634687876,0.4273079132077466
0.5139500028095815,0.540402804302411
0.5397660438479889,0.47231836787742143
0.5185852195010028,0.5297515744121907
0.5237804838303316,0.5169317000276412
0.5461507391252519,0.45294990734889934
0.5155703136423299,0.5367640961999735
0.5140196584474708,0.5402482399436918
0.5275511852333604,0.5070626536409187
0.5484542897332361,0.44584740651386584
0.5134596350627548,0.5414862093794798
0.5138512427733979,0.5406216651561883
0.5286409820720865,0.5041265048908797
