0.5439994621034837,0.4866626478302899
0.5228137249776506,0.5079099247625669
0.5369030079560442,0.49390214995844595
0.520415050869485,0.5102504608064174
0.5203841338524693,0.510280550062548
0.5294515292124115,0.5013678983524275
0.5256005086480844,0.505175255035031
0.5435756688152772,0.4870987037331159
0.5241178469073398,0.5066322880099168
0.5274429369606957,0.5033578989828406
0.5210448880185785,0.5096370556844965
0.5228940677890183,0.5078313190620878
0.5414191576633827,0.48931018611637855
0.5199763461833427,0.5106772353840832
0.5355323048161514,0.49528562034552936
0.5232022201335378,0.5075297014685989
0.5266308910074312,0.5041598293261339
0.5383420859353673,0.49244458917151973
0.5211191114071019,0.5095647144360292
0.5200257697232548,0.5106291756631992
0.528968310426173,0.501847488679549
0.5392587584549838,0.4915133959057658
0.5196276993893684,0.5110161191268586
0.5199062283234602,0.510745409769442
0.5296177838283385,0.501202767400327
