0.5455074436148984,0.4766815797605732
0.5223722636701706,0.5110513396584703
0.5375334127249094,0.4890066530064077
0.5198554747223134,0.5145404671559254
0.5198231263560765,0.514585008984669
0.5294231270439848,0.5010219850557902
0.5253156479628724,0.5069107341285911
0.5450232901326499,0.4774444436808099
0.5237468995656456,0.5091257056003249
0.5272745397581999,0.5041185617657485
0.5205149576168414,0.5136307233518487
0.5224568163994298,0.5109333042777651
0.5425759813637356,0.481271854735518
0.5193966640321847,0.5151715071970561
0.5360232468384935,0.4912834895528208
0.5227812764641038,0.5104798626988576
0.5264098137867562,0.5053547544877713
0.5391287462551063,0.48658160729860406
0.520592736644475,0.5135232178674902
0.5194483308484046,0.5151005224482681
0.5289049237422956,0.5017721047572606
0.5401504249886734,0.4850178589022319
0.5190323473440474,0.5156714873185319
0.5193233730093135,0.5152721679049671
0.5296016155646427,0.5007631316853703
