0.5451025011915936,0.47902039124174906
0.522490910679525,0.5103261490600454
0.5373629857982473,0.49011821301416647
0.5200075313410304,0.5135638624613749
0.5199755926216245,0.5136052588621655
0.5294287422828139,0.5010774135430429
0.5253909226962542,0.5064971446535456
0.5446345550731962,0.47970300612245864
0.5238459098572749,0.508543606108927
0.5273180225880685,0.5039234987045125
0.5206585577438142,0.5127187122405442
0.5225742853265002,0.5102167947909502
0.5422651401303559,0.4831363432852147
0.5195544869062856,0.5141504882664308
0.5358899680800197,0.49218442343730845
0.5228941890985608,0.5097968110378512
0.5264676380465567,0.5050620930562898
0.5389166921829875,0.4879229911670163
0.5207353259880714,0.5126188841201822
0.5196055090664298,0.514084483728173
0.5289199737144462,0.5017660578201123
0.5399103791163944,0.48651045639390783
0.5191946827561448,0.5146155038110983
0.5194821083343117,0.5142440936114665
0.5296039353260823,0.5008398932990399
