0.5403417889762929,0.494963001973165
0.5208081195652704,0.5071963342468649
0.5339990303660033,0.4989338286701422
0.5184847880968116,0.5086527349748542
0.5184546988478536,0.5086715995547336
0.5271209247447568,0.5032410163409792
0.5234794917395742,0.5055222608342599
0.5399686904523742,0.4951965654205023
0.5220619899418812,0.5064105064750346
0.5252289516122037,0.504426181346736
0.5190969711047522,0.5082689406368984
0.5208855566330057,0.5071477993993765
0.5380589769054422,0.4963920766283938
0.5180574900811019,0.5089206384086061
0.5327505350938492,0.49971553041211947
0.5211823330427566,0.5069617944709448
0.5244595262832236,0.5049082217620595
0.5353016591605074,0.49811827620927324
0.5191690145432061,0.5082237766549776
0.5181056650119996,0.508890433352613
0.5266672227231975,0.5035252053170536
0.536127064272465,0.4976015239333307
0.517717388936184,0.5091338830732332
0.5179891277832792,0.5089635010218528
0.5272768093596882,0.503143376128273
