0.5471335162472881,0.46826603164024067
0.5219017944026554,0.5136047300571754
0.5382017427008661,0.48518491239045125
0.5192536698116353,0.5179170074368467
0.5192197056823997,0.5179717716083913
0.5293947731900116,0.5009428379940754
0.5250148907675587,0.5084271935825855
0.5465819921422708,0.46933683436149337
0.5233533332403244,0.5112052255668067
0.5270980281839784,0.5048967783767371
0.5199464739636993,0.5167969260056405
0.5219909654341611,0.5134580570441823
0.5438133503515298,0.47466144949191624
0.5187721004929391,0.5186922161531526
0.5365431527959922,0.48822427358561765
0.5223332808398733,0.512894108826452
0.5261772513481664,0.5064638077701396
0.5399644260122354,0.48191894561842225
0.520028231741867,0.5166643679066966
0.518826313309242,0.5186050841995582
0.5288396251246257,0.5019044673191321
0.5410992688141822,0.47979692539852264
0.518389949926922,0.5193054291525028
0.5186952051178237,0.5188157442571851
0.529586172356975,0.500610420772965
