0.543582427884587,0.48983791959656586
0.5229342540545028,0.5068866916694477
0.5367369944182454,0.4955378466147022
0.520559949118767,0.5088216833815176
0.5205293055168114,0.5088466270334608
0.5294695322785236,0.501535606421016
0.5256845305235306,0.5046393713061755
0.5431758216543241,0.4901779440513547
0.5242224226487773,0.5058349052123213
0.5274977041976558,0.5031541611516763
0.5211839945697555,0.5083135506211723
0.523013670276312,0.5068218890963886
0.5411023799251441,0.491908935784597
0.5201250297797879,0.5091756339198702
0.5354060274100634,0.4966402425586628
0.5233182007571898,0.5065733471463755
0.5266990687953347,0.5038087029673786
0.5381313745405599,0.49438093827039076
0.5212575073980616,0.5082536715997229
0.5201740369815854,0.5091357579292203
0.5289956328886302,0.5019249299076786
0.5390179585428165,0.49364426786474935
0.5197792475678827,0.5094569343846431
0.5200554982013249,0.5092322068237148
0.5296325099553632,0.5014016665284458
