0.5459765110404439,0.4741274095076787
0.5222354535859313,0.5118355681159864
0.5377292482313341,0.4878175032651131
0.519680076134968,0.5155876084125699
0.5196472535266506,0.5156354280828988
0.5294162257017297,0.5009785426441461
0.5252287499729967,0.5073666172046483
0.5454733415731035,0.4749805444627717
0.5236327058522889,0.509759494488712
0.5272241605531356,0.5043425511875927
0.5203493424027302,0.5146104892021077
0.5223213642718468,0.5117084223730416
0.5429349189172656,0.47924925017886666
0.5192145870606543,0.5162649061666432
0.5361761630943948,0.49032508754044496
0.5226510748625701,0.5112198485466868
0.5263429647640855,0.5056824763252294
0.5393727862681664,0.4851394541317476
0.520428290006927,0.5144949677782228
0.5192670008204632,0.5161887373078117
0.528887189620331,0.5017944535061226
0.5404269487389052,0.4834085600450762
0.5188450395301435,0.5168012623896134
0.5191402386699445,0.5163729098821382
0.529598498268156,0.5006968346315468
